x_position,y_position,z_position,angle_distance
0.006249999999999978,-0.09980449639169571,0.1,-0.6068849106766953
0.0013884602356787346,-0.09241001162686631,0.1,-0.556311168120304
-0.0030930562919887217,-0.08477921983114718,0.1,-0.5057374255639127
-0.007183089635688311,-0.07693163414733357,0.1,-0.4551636830075214
-0.01087118093259043,-0.06888732209451726,0.1,-0.40458994045113017
-0.014147899149318022,-0.06066685425226303,0.1,-0.3540161978947389
-0.017004865198592373,-0.05229125165837972,0.1,-0.3034424553383476
-0.019434773365885588,-0.04378193205479845,0.1,-0.25286871278195633
-0.0214314099912897,-0.03516065511901536,0.1,-0.20229497022556509
-0.02298966935882857,-0.02644946682115105,0.1,-0.15172122766917384
-0.024105566752582186,-0.017670643048914556,0.1,-0.1011474851127826
-0.024776248646236093,-0.008846632644631487,0.1,-0.050573742556391243
-0.025000000000000022,0.0,0.1,0.0
-0.024776248646236093,0.008846632644631487,0.1,0.050573742556391243
-0.024105566752582186,0.017670643048914556,0.1,0.1011474851127826
-0.02298966935882857,0.02644946682115105,0.1,0.15172122766917384
-0.0214314099912897,0.03516065511901536,0.1,0.20229497022556509
-0.019434773365885588,0.04378193205479845,0.1,0.25286871278195633
-0.017004865198592373,0.052291251658379716,0.1,0.30344245533834757
-0.014147899149318022,0.06066685425226303,0.1,0.3540161978947389
-0.01087118093259043,0.06888732209451724,0.1,0.40458994045113006
-0.007183089635688311,0.07693163414733359,0.1,0.4551636830075215
-0.0030930562919887217,0.0847792198311472,0.1,0.5057374255639128
0.0013884602356787346,0.09241001162686631,0.1,0.556311168120304
0.006249999999999978,0.09980449639169571,0.1,0.6068849106766953
0.006385933836549257,0.0,0.0,-0.6082455789102096
0.0015038368903413646,0.0,0.0074047002180474,-0.5575584473343588
-0.002996827570121513,0.0,0.015047243991271747,-0.506871315758508
-0.007104498979254997,0.0,0.02290800041199302,-0.45618418418265716
-0.010808626227297113,0.0,0.030966778063823086,-0.40549705260680635
-0.014099694762261084,0.0,0.03920287688605037,-0.3548099210309556
-0.01696925102934957,0.0,0.047595141344546475,-0.3041227894551048
-0.019409924185053662,0.0,0.05612201477261781,-0.253435657879254
-0.021415445030162045,0.0,0.06476159474222047,-0.20274852630340318
-0.022980662113046862,0.0,0.07349168932331002,-0.15206139472755237
-0.02410155496186467,0.0,0.08228987408681622,-0.10137426315170162
-0.024775244411681968,0.0,0.09113354970482306,-0.05068713157585081
-0.025000000000000022,0.0,0.1,0.0
-0.024775244411681968,0.0,0.10886645029517696,0.05068713157585081
-0.02410155496186467,0.0,0.11771012591318379,0.10137426315170162
-0.022980662113046862,0.0,0.12650831067669,0.15206139472755242
-0.021415445030162045,0.0,0.13523840525777955,0.20274852630340323
-0.019409924185053662,0.0,0.1438779852273822,0.25343565787925404
-0.01696925102934954,0.0,0.15240485865545356,0.30412278945510485
-0.014099694762261084,0.0,0.16079712311394964,0.35480992103095566
-0.010808626227297113,0.0,0.16903322193617693,0.40549705260680635
-0.007104498979254997,0.0,0.17709199958800698,0.45618418418265716
-0.002996827570121513,0.0,0.18495275600872826,0.506871315758508
0.0015038368903413646,0.0,0.1925952997819526,0.5575584473343588
0.006385933836549257,0.0,0.2,0.6082455789102096
0.035404962177391225,-0.09352266384795418,0.006477336152045821,-0.8568402667881623
0.0262611081839685,-0.08750339036900359,0.012496609630996414,-0.7854369112224818
0.017747861411056637,-0.08103817569100048,0.018961824308999523,-0.7140335556568014
0.00990860769156715,-0.07415996831540844,0.025840031684591563,-0.642630200091121
0.0027832980055546297,-0.0669038214673821,0.03309617853261791,-0.5712268445254405
-0.003591755120899237,-0.05930671445494906,0.040693285545050945,-0.4998234889597601
-0.009184062674246096,-0.051407364212346575,0.04859263578765343,-0.4284201333940797
-0.013965124726365463,-0.043246027987940285,0.05675397201205972,-0.35701677782839925
-0.01791057567798998,-0.03486429818228104,0.06513570181771897,-0.2856134222627188
-0.021000308432460313,-0.02630489038186104,0.07369510961813897,-0.21421006669703835
-0.023218576866986584,-0.017611425668807537,0.08238857433119247,-0.1428067111313579
-0.024554076079194825,-0.008828208315923139,0.09117179168407687,-0.07140335556567745
-0.025000000000000022,3.608224830031759e-16,0.10000000000000037,2.886579864025407e-15
-0.02455407607919477,0.00882820831592386,0.10882820831592387,0.07140335556568334
-0.023218576866986446,0.01761142566880826,0.11761142566880826,0.14280671113136378
-0.02100030843246009,0.026304890381861762,0.12630489038186177,0.21421006669704434
-0.017910575677989676,0.03486429818228173,0.13486429818228174,0.2856134222627247
-0.013965124726365102,0.043246027987940944,0.14324602798794095,0.357016777828405
-0.009184062674245652,0.051407364212347234,0.15140736421234724,0.4284201333940856
-0.0035917551208987375,0.0593067144549497,0.1593067144549497,0.4998234889597659
0.002783298005555185,0.06690382146738272,0.16690382146738272,0.5712268445254465
0.009908607691567761,0.07415996831540903,0.17415996831540903,0.6426302000911268
0.01774786141105733,0.08103817569100105,0.18103817569100106,0.7140335556568074
0.026261108183969248,0.08750339036900412,0.18750339036900412,0.7854369112224877
0.03540496217739207,0.09352266384795468,0.1935226638479547,0.8568402667881683
0.0993418340899076,0.011454256835485403,0.1229085136709708,0.05676486388287007
0.09223873739697318,0.01306032946734018,0.12612065893468036,0.0647242187011415
0.08513564070403874,0.014666402099194956,0.1293328041983899,0.07268357351941293
0.07803254401110432,0.01627247473104973,0.13254494946209947,0.08064292833768437
0.07092944731816989,0.017878547362904503,0.135757094725809,0.0886022831559558
0.06382635062523545,0.01948461999475928,0.13896923998951854,0.09656163797422723
0.056723253932301015,0.02109069262661406,0.1421813852532281,0.10452099279249867
0.049620157239366594,0.022696765258468834,0.14539353051693765,0.1124803476107701
0.04251706054643217,0.024302837890323607,0.1486056757806472,0.12043970242904152
0.03541396385349774,0.02590891052217838,0.15181782104435676,0.12839905724731293
0.02831086716056329,0.02751498315403316,0.1550299663080663,0.1363584120655844
0.021207770467628867,0.029121055785887938,0.15824211157177587,0.14431776688385584
0.01410467377469446,0.03072712841774271,0.16145425683548542,0.15227712170212723
0.007001577081760024,0.032333201049597485,0.16466640209919498,0.16023647652039866
-0.00010151961117443875,0.03393927368145226,0.16787854736290453,0.16819583133867014
-0.007204616304108846,0.03554534631330704,0.17109069262661408,0.17615518615694156
-0.014307712997043281,0.037151418945161815,0.1743028378903236,0.184114540975213
-0.02141080968997769,0.038757491577016585,0.17751498315403316,0.19207389579348438
-0.028513906382912124,0.04036356420887136,0.1807271284177427,0.20003325061175584
-0.03561700307584659,0.04196963684072614,0.18393927368145227,0.2079926054300273
-0.042720099768780995,0.043575709472580916,0.1871514189451618,0.2159519602482987
-0.04982319646171543,0.04518178210443569,0.19036356420887135,0.22391131506657014
-0.056926293154649865,0.04678785473629047,0.1935757094725809,0.2318706698848416
-0.0640293898475843,0.04839392736814525,0.19678785473629046,0.23983002470311302
-0.07113248654051871,0.05000000000000002,0.2,0.2477893795213844
-0.1,0.0,0.1,-0.1
-0.09166666666666667,0.0,0.1,-0.09166666666666667
-0.08333333333333334,0.0,0.1,-0.08333333333333334
-0.07500000000000001,0.0,0.1,-0.07500000000000001
-0.06666666666666668,0.0,0.1,-0.06666666666666668
-0.05833333333333334,0.0,0.1,-0.05833333333333334
-0.05,0.0,0.1,-0.05
-0.04166666666666667,0.0,0.1,-0.04166666666666667
-0.03333333333333334,0.0,0.1,-0.03333333333333334
-0.02500000000000001,0.0,0.1,-0.02500000000000001
-0.016666666666666677,0.0,0.1,-0.016666666666666677
-0.008333333333333345,0.0,0.1,-0.008333333333333345
0.0,0.0,0.1,0.0
0.008333333333333331,0.0,0.1,0.008333333333333331
0.016666666666666663,0.0,0.1,0.016666666666666663
0.024999999999999994,0.0,0.1,0.024999999999999994
0.033333333333333326,0.0,0.1,0.033333333333333326
0.04166666666666666,0.0,0.1,0.04166666666666666
0.04999999999999999,0.0,0.1,0.04999999999999999
0.05833333333333332,0.0,0.1,0.05833333333333332
0.06666666666666665,0.0,0.1,0.06666666666666665
0.07499999999999998,0.0,0.1,0.07499999999999998
0.08333333333333331,0.0,0.1,0.08333333333333331
0.09166666666666665,0.0,0.1,0.09166666666666665
0.1,0.0,0.1,0.1
