audrey@Plateau:~/work/lethe/lethe/examples/rpt/nomad_test_run1$ /home/audrey/work/NOMAD/build/release/bin/nomad param_nomad.txt 
BBE ( SOL ) OBJ
1	(   0.0001   1000000         15        )	197.422    *
2	(   0.00011  1100000         14        )	158.599    *
3	(   0.00009  900000         16        )	238.554   
4	(   0.00009  1100000         17        )	219.846   
5	(   0.00009  1000000         13        )	149.932    *
6	(   0.00011  900000         13        )	176.315   
7	(   0.00011  1000000         17        )	243.439   
8	(   0.00006  1000000          7        )	 36.4867   *
9	(   0        1000000          0        )	 49.2577  
10	(   0.00011  1100000          0        )	 46.6129  
11	(   0.00002  1100000          0        )	 53.3949  
12	(   0.00004  1100000          0        )	 49.9329  
13	(   0.00007  1000000          5        )	 25.9364   *
14	(   0.00009  900000          7.0      )	 57.9373  
15	(   0.00016  1100000          8        )	 65.7556  
16	(   0.00004  1000000          2        )	 25.5973   *
17	(  -0        900000          9        )	 60.3077  
18	(   0.00008  1100000          2        )	 30.9597  
19	(   0.00007  1100000          0        )	 47.0863  
20	(   0.00006  1000000          5        )	 23.3751   *
21	(   0.00003  900000          6        )	 29.4142  
22	(   0.00005  1000000          5        )	 20.9578   *
23	(   0.00002  1000000          5        )	 13.7422   *
24	(   0        1000000          5        )	  9.5139   *
25	(  -0.0      1000000          5        )	  9.57206 
26	(   0        1100000          2        )	 29.7511  
27	(   0.00002  1000000          5        )	 13.7321  
28	(   0        1100000          9        )	 30.1779  
29	(   0.0002   1000000         14        )	198.879   
30	(   0        900000         15        )	193.842   
31	(   0.00016  900000          1        )	 47.3627  
32	(   0        1052000          5        )	  8.03087  *
33	(   0        1252000          5        )	  8.40633 
34	(   0        1152000          5        )	  7.10225  *
35	(   0        1452000          5        )	 15.538   
36	(   0        1252000          6        )	  4.32964  *
37	(   0        1552000          9        )	  1.96657  *
38	(   0        2452000         18        )	 69.4533  
39	(   0        1452000          8        )	  1.57743  *
40	(   0.0      1752000         10        )	  1.5549   *

BBE ( SOL ) OBJ
41	(  -0        2052000         12        )	  5.8386  
42	(  -0        2652000         16        )	 28.6528  
43	(   0        1752000          8        )	  2.76804 
44	(   0.0      1452000         10        )	 12.0759  
45	(   0.0      1652000          9        )	  0.461379 *
46	(   0        1352000          6        )	  4.93667 
47	(   0.00007    0          1        )	600       
48	(   0        852000          0        )	 37.2095  
49	(   0        3652000         17        )	 21.617   
50	(   0.0001   2452000         26        )	253.768   
51	(   0.00005  3252000          0        )	160.266   
52	(   0        52000         29        )	586.34    
53	(   0.00004  2152000          8        )	  8.62794 
54	(   0        1652000         13        )	 35.7465  
55	(   0.00002  1452000         19        )	189.106   
56	(   0        1852000          0        )	140.744   
57	(   0.0      2652000         11        )	  7.8336  
58	(   0.00005  1652000          5        )	 19.7347  
59	(   0.0      652000          7        )	 81.3654  
60	(   0.00004  1952000         10        )	  3.12251 
61	(   0.00001  1152000          8        )	 16.9387  
62	(   0        1352000          9        )	  9.29376 
63	(   0        2152000         10        )	  2.01358 
64	(   0.0      1552000         14        )	 62.1615  
65	(   0.00002  1952000          9        )	  1.19476 
66	(   0.0      1752000          4        )	 49.2141  
67	(   0.00002  1652000          9        )	  2.6143  
68	(   0.00001  2152000         11        )	  0.507062
69	(   0.00002  2052000          9        )	  2.14565 
70	(   0.00001  1852000         10        )	  0.846112
71	(   0        1852000         11        )	  4.15445 
72	(   0.00001  1952000         10        )	  0.086979 *
73	(  -0        1952000         10        )	  0.227607
74	(   0        1552000          8        )	  0.794198
75	(   0.00001  2052000         10        )	  0.094838
76	(   0.00001  2352000         11        )	  0.733411
77	(  -0        1852000         10        )	  0.421518
78	(   0.00004  2852000         13        )	  1.76289 
79	(   0.00003  2052000         10        )	  0.83451 
80	(   0        2452000         11        )	  3.708   

BBE ( SOL ) OBJ
81	(   0.00001  2052000          5        )	 47.9903  
82	(   0.00001  1852000         15        )	 56.1398  
83	(   0.00003  1452000          9        )	 11.0102  
84	(   0.00003  2352000         12        )	  2.50286 
85	(   0        2152000          9        )	  7.03175 
86	(   0.00002  1752000         11        )	 10.2075  
87	(   0        1852000         12        )	 11.7744  
88	(   0.00002  2052000          8        )	  7.74058 
89	(   0.00002  2152000         12        )	  5.03071 
90	(   0.000011 1952000         10        )	  0.12238 
91	(   0.000021 2352000         11        )	  0.119488
92	(   0.000016 2252000         11        )	  0.175856
93	(   0.000012 2052000         10        )	  0.055899 *
94	(   0.000001 1652000          9        )	  0.516094
95	(   0.000016 2152000         11        )	  0.594384
96	(   0.000022 2352000         10        )	  2.03268 
97	(   0.000022 2252000         11        )	  0.270038
98	(   0.000002 1652000          9        )	  0.621602
99	(   0.000012 2152000         11        )	  0.513285
100	(   0.000012 1852000         10        )	  1.03526 
101	(   0.000012 2052000         11        )	  1.40994 
102	(   0.000022 1952000         10        )	  0.855879
103	(   0.000012 2252000         10        )	  1.64849 
104	(   0.000002 2152000         10        )	  1.59361 
105	(   0.000012 2052000          9        )	  2.57546 
106	(   0.00002  2352000         10        )	  2.24905 
107	(   0.000016 2152000         10.32     )	  0.066131
108	(   0.000015 2052000         10.21     )	  0.0658  
109	(   0.000019 2252000         10.35     )	  0.36025 
110	(   0.000012 2052000         10.09     )	  0.015064 *
111	(   0.000011 1952000          9.88     )	  0.049181
112	(   0.000009 1952000          9.77     )	  0.01851 
113	(   0.000009 1952000          9.83     )	  0.00834  *
114	(   0.000007 1852000          9.74     )	  0.221307
115	(   0.000009 2052000          9.91     )	  0.233376
116	(   0.000011 1952000          9.89     )	  0.041055
117	(   0.000009 2052000          9.9      )	  0.220954
118	(   0.00001  1952000          9.89     )	  0.03203 
119	(   0.00001  2052000          9.9      )	  0.202045
120	(   0.00001  1952000          9.89     )	  0.033859

BBE ( SOL ) OBJ
121	(   0        1652000          8.83     )	  0.308333
122	(   0.000019 2252000         10.83     )	  0.072651
123	(   0.000009 2052000          9.83     )	  0.331585
124	(   0        1952000          9.83     )	  0.266755
125	(   0.000009 1752000          9.83     )	  1.71778 
126	(   0.000009 2152000          9.83     )	  1.26825 
127	(   0.000009 1952000         10.83     )	  1.99009 
128	(   0.000019 1952000          9.83     )	  0.387648
129	(   0.000009 1952000          8.83     )	  1.96208 
130	(   0        1652000          9.05     )	  0.532639
131	(   0.000012 2052000         10.09     )	  0.021378
132	(   0.000008 1952000          9.7      )	  0.04907 
133	(   0.000011 2052000          9.99     )	  0.083599
134	(   0.000014 1952000          9.48     )	  0.238239
135	(   0.000006 2052000          9.33     )	  1.82401 
136	(   0.000004 1952000         10.18     )	  0.198262
137	(   0.000011 1852000         10.33     )	  1.94501 
138	(   0.000012 2052000          9.99     )	  0.068006
139	(   0.000006 1852000          9.67     )	  0.122079
140	(   0.00001  1990000          9.95     )	  0.004395 *
141	(   0.000013 2090000         10.31     )	  0.015724
142	(   0.000012 2090000         10.1      )	  0.098485
143	(   0.000008 1890000          9.6      )	  0.036786
144	(   0.000012 2090000         10.13     )	  0.083239
145	(   0.000012 1890000          9.45     )	  0.164126
146	(   0.000011 2090000          9.49     )	  1.4085  
147	(   0.000005 1990000          9.79     )	  0.210665
148	(   0.000015 1990000         10.11     )	  0.188395
149	(   0.000009 1890000         10.41     )	  1.40657 
150	(   0.000008 2090000         10.45     )	  0.129679
151	(   0.000013 2104000         10.31     )	  0.022045
152	(   0.000011 2017000         10.04     )	  0.005508
153	(   0.000008 1921000          9.79     )	  0.018138
154	(   0.000011 2019000         10.02     )	  0.007183
155	(   0.000012 2065000         10.18     )	  0.009232
156	(   0.00001  1980000          9.92     )	  0.005762
157	(   0.000009 1972000          9.92     )	  0.007996
158	(   0.000011 2007000         10        )	  0.005589
159	(   0.000011 2029000         10.07     )	  0.006898
160	(   0.00001  1992000          9.96     )	  0.005528

BBE ( SOL ) OBJ
161	(   0.00001  1992000          9.97     )	  0.004829
162	(   0.00001  2007000         10.01     )	  0.004207 *
163	(   0.000011 2015000         10.04     )	  0.004036 *
164	(   0.000009 1981000          9.93     )	  0.005139
165	(   0.00001  1990000          9.96     )	  0.004521
166	(   0.00001  2005000         10        )	  0.004808
167	(   0.00001  2002000          9.99     )	  0.005145
168	(   0.00001  2002000          9.99     )	  0.004505
169	(   0.000011 2015000         10.03     )	  0.005166
170	(   0.00001  1996000          9.98     )	  0.004435
171	(   0.00001  1999000          9.99     )	  0.003759 *
172	(   0.00001  1997000          9.99     )	  0.004362
173	(   0.00001  2007000         10.01     )	  0.00514 
174	(   0.00001  1999000          9.99     )	  0.005184
175	(   0.000009 1999000          9.84     )	  0.067367
176	(   0.000012 1999000         10.11     )	  0.059019
177	(   0.000011 1999000         10.04     )	  0.010274
178	(   0.00001  1999000         10        )	  0.004432
179	(   0.000015 1999000         10.16     )	  0.19837 
180	(   0.000011 2099000          9.93     )	  0.393801
181	(   0.000009 1899000         10.05     )	  0.41727 
182	(   0.000005 1999000          9.82     )	  0.219709
183	(   0.000012 1999000          9.49     )	  0.462472
184	(   0.000008 1999000         10.49     )	  0.436984
185	(   0.000009 1951000          9.84     )	  0.008756
186	(   0.000011 2013000         10.02     )	  0.004606
187	(   0.000011 2017000         10.04     )	  0.005477
188	(   0.00001  2002000         10        )	  0.004862
189	(   0.000009 1949000          9.86     )	  0.012821
190	(   0.000008 2026000         10.05     )	  0.04038 
191	(   0.00001  2030000          9.79     )	  0.206288
192	(   0.00001  1968000         10.19     )	  0.214761
193	(   0.000012 2049000         10.12     )	  0.008913
194	(   0.000012 1972000          9.93     )	  0.051373
195	(   0.00001  2002000         10        )	  0.004016
196	(   0.00001  2004000         10.01     )	  0.003837
197	(   0.00001  1988000          9.96     )	  0.00608 
198	(   0.00001  2008000         10.02     )	  0.003837
199	(   0.00001  2005000         10.01     )	  0.004469
200	(   0.00001  2003000         10        )	  0.003462 *

BBE ( SOL ) OBJ
201	(   0.00001  1996000          9.98     )	  0.004581
202	(   0.00001  2005000         10.01     )	  0.004244
203	(   0.00001  2015000         10.03     )	  0.006112
204	(   0.00001  2007000         10.02     )	  0.005127
205	(   0.000011 2024000         10        )	  0.014938
206	(   0.00001  1953000         10.04     )	  0.13315 
207	(   0.00001  1984000          9.9      )	  0.009875
208	(   0.00001  2022000         10.1      )	  0.008116
209	(   0.000009 1982000         10        )	  0.011531
210	(   0.00001  2053000          9.96     )	  0.140111
211	(   0.00001  2004000         10.0125   )	  0.004011
212	(   0.00001  1996000          9.98     )	  0.005883
213	(   0.00001  2005000         10.01     )	  0.004582
214	(   0.00001  1983000          9.9742   )	  0.008482
215	(   0.000011 2023000         10.0258   )	  0.010986
216	(   0.00001  2022000          9.95     )	  0.043993
217	(   0.00001  1984000         10.05     )	  0.036364
218	(   0.000011 1993000          9.9553   )	  0.008525
219	(   0.00001  2013000         10.0447   )	  0.007451
220	(   0.00001  1990000         10.04     )	  0.013753
221	(   0.00001  2013000         10.0002   )	  0.00824 
222	(   0.00001  2003000         10.02     )	  0.004513
223	(   0.00001  2003000         10.0011   )	  0.004241
224	(   0.00001  2003000          9.98     )	  0.005356
225	(   0.00001  2003000          9.9989   )	  0.004283
226	(   0.00001  1993000          9.9998   )	  0.006894
227	(   0.00001  2008610         10.02     )	  0.004711
228	(   0.00001  1999290          9.9947   )	  0.003588
229	(   0.00001  2006800         10.0082   )	  0.003523
230	(   0.00001  2006710         10.0053   )	  0.003969
231	(   0.00001  1998490         10.01     )	  0.00424 
232	(   0.00001  2007510          9.99     )	  0.005556
233	(   0.00001  1999200          9.9918   )	  0.003318 *
234	(   0.00001  1988200          9.9672   )	  0.004966
235	(   0.00001  2003200         10.0088   )	  0.004893
236	(   0.00001  2002200         10.001    )	  0.003409
237	(   0.00001  2003200         10.0005   )	  0.004743
238	(   0.00001  2000200          9.9962   )	  0.00591 
239	(   0.00001  1989200          9.9971   )	  0.007704
240	(   0.00001  2009200          9.9865   )	  0.00991 

BBE ( SOL ) OBJ
241	(   0.00001  2005200          9.9905   )	  0.005137
242	(   0.00001  2001200         10.0118   )	  0.003821
243	(   0.00001  1993200          9.9931   )	  0.004241
244	(   0.00001  1997200          9.9718   )	  0.0044  
245	(   0.00001  1987800          9.9672   )	  0.004926
246	(   0.00001  2001530         10.0118   )	  0.004669
247	(   0.00001  2003640         10.0005   )	  0.005353
248	(   0.00001  2000380          9.9962   )	  0.004497
249	(   0.00001  1999120          9.992    )	  0.004463
250	(   0.00001  1999280          9.9916   )	  0.004493
251	(   0.00001  2001710         10.0018   )	  0.004397
252	(   0.00001  1996690          9.9818   )	  0.00457 
253	(   0.00001  1994200          9.9968   )	  0.005247
254	(   0.00001  2004200          9.9868   )	  0.006264
A termination criterion is reached: Max number of blackbox evaluations (Eval Global) No more points to evaluate 254

Best feasible solution:     #24185 ( 1e-05 1.9992e+06 9.9918 )	Evaluation OK	 f =   0.00331838000000000011	 h =   0                     

Best infeasible solution:   Undefined.

Blackbox evaluations:        254
Total model evaluations:     24072
Cache hits:                  35
Total number of evaluations: 289

