audrey@Plateau:~/work/lethe/lethe/examples/rpt/nomad_run9$ time /home/audrey/work/NOMAD/build/release/bin/nomad param_nomad.txt
BBE ( SOL ) OBJ
1	(   0.01     1000         20        )	149.877    *
2	(   0.009    1000         18        )	149.855    *
3	(   0.009    1100         22        )	149.884   
4	(   0.011    900         18        )	149.87    
5	(   0.009    900         21        )	149.897   
6	(   0.011    1000         22        )	149.895   
7	(   0.011    1100         19        )	149.854    *
8	(   0.014    1400         16        )	149.763    *
9	(   0.023    2300          7        )	149.105    *
10	(   0.05     5000          0        )	147.271    *
11	(   0.131    13100          0        )	147.952   
12	(   0.127    12600          0        )	147.914   
13	(   0.182    18200          0        )	148.391   
14	(   0.143    14200.0        0        )	148.073   
15	(   0.066    4000          0        )	147.86    
16	(   0.07     6400         23        )	149.587   
17	(   0.043    7000          0        )	146.5      *
18	(   0.03     3600          0        )	147.373   
19	(   0.034    6000         50        )	149.887   
20	(   0.057    3000         39        )	149.909   
21	(   0.022    13000          0        )	143.441    *
22	(   0        31000          0        )	122.468    *
23	(   0        85000          0        )	 87.538    *
24	(   0        247000          0        )	 34.4714   *
25	(   0        733000          0        )	  8.03008  *
26	(   0        2191000          0        )	 43.5652  
27	(   0        659700          0        )	  7.82692  *
28	(   0        988400          0        )	 12.2852  
29	(   0        439800          0        )	 13.0613  
30	(   0        988400         50        )	131.59    
31	(   0        1574400         33        )	 99.5948  
32	(   0.074    159700          8        )	146.086   
33	(   0.2      875000         20        )	148.464   
34	(   0        1159700          0        )	 16.5791  
35	(   0.08     654600          0        )	146.031   
36	(   0        664800         50        )	136.298   
37	(   0        444400          0        )	 12.8344  
38	(  -0.0      724200          0        )	  7.97903 
39	(  -0.0        0          0        )	150       
40	(  -0.0      1140000         17        )	 47.0879  

BBE ( SOL ) OBJ
41	(   0.021    459700          0        )	136.139   
42	(   0.1      684700          4        )	146.819   
43	(   0        859700          9        )	 16.9966  
44	(   0.014    753400          0        )	129.926   
45	(   0        566000         20        )	 96.1102  
46	(   0        634700          0        )	  7.92222 
47	(  -0.0      833800         20        )	 78.9613  
48	(  -0.0      486000          0        )	 10.91    
49	(  -0.0      579500          0        )	  8.43161 
50	(   0        730800         10        )	 30.2654  
51	(   0        670800          0        )	  7.80653  *
52	(   0.05     648600          6        )	143.857   
53	(   0.027    588600          0        )	138.89    
54	(   0        559700          5        )	 18.4114  
55	(   0.021    759700          0        )	135.962   
56	(   0        704100          0        )	  7.86924 
57	(   0        759300          3        )	  5.09123  *
58	(   0        1024800         12        )	 23.9119  
59	(   0        993900          0        )	 12.4231  
60	(   0.0      669000          2        )	  6.52386 
62	(   0        850400         23        )	 90.6009  
62	(   0.033    668200          0        )	140.753   
63	(   0.027    1259300          6        )	138.931   
64	(   0        259300          0        )	 32.1998  
65	(   0.05     422400         19        )	145.173   
66	(   0        1096200          0        )	 14.9305  
67	(   0.033    825400         23        )	143.351   
68	(   0.0      739700          3        )	  5.45861 
69	(   0        793400          0        )	  8.65423 
70	(   0        959300          5        )	  2.92442  *
71	(   0.02     804600          0        )	135.316   
72	(   0        714000          6        )	 12.378   
73	(   0.006    725200         13        )	119.715   
74	(   0.003    559300          1        )	 90.08    
75	(   0        1559300         11        )	  3.87312 
76	(  -0.0      1574400          0        )	 27.9985  
77	(  -0.0      1503200         11        )	  4.76532 
78	(   0        571400         25        )	111.103   
79	(   0        1356300         11        )	  7.70739 
80	(   0        523400          0        )	  9.65449 

BBE ( SOL ) OBJ
81	(   0.007    1347200          0        )	113.969   
82	(   0.02     562300          0        )	135.437   
83	(   0.02     1395200         25        )	139.965   
84	(   0        956000          2        )	  5.72277 
85	(  -0.0      1941500         15        )	 11.7124  
86	(   0.0      1040200          6        )	  2.54572  *
87	(   0.0      1282900          9        )	  3.37735 
88	(   0        1142600          4        )	  3.23246 
89	(   0.0      535400          0        )	  9.32931 
90	(   0.0      1303300          8        )	  1.44592  *
91	(  -0.0      2092600         14        )	  5.87618 
92	(   0        1291800         -0        )	 20.1816  
93	(   0.0      1059300          9        )	  8.7479  
94	(   0.0      1121800          5        )	  1.92644 
95	(   0.006    2303300          8        )	110.54    
96	(   0        1590300         28        )	 83.8594  
97	(   0.005    1016300          0        )	104.237   
98	(   0        1865300          0        )	 35.6622  
99	(   0.01     741300         21        )	134.412   
100	(   0        303300          8        )	 68.0749  
101	(   0        1318400          6        )	  1.27138  *
102	(  -0.0      1363700          0        )	 22.1711  
103	(   0        1521000          8        )	  0.296791 *
104	(   0        2128800         14        )	  5.48011 
105	(   0        1441000          5        )	  3.92062 
106	(  -0.0      1640000         10        )	  1.02429 
107	(   0        1527300         28        )	 85.4296  
108	(   0.003    1514700          0        )	 84.9978  
109	(   0        1519200          0        )	 26.4731  
110	(   0.005    1522800         21        )	120.366   
111	(   0        521000          8        )	 37.3338  
112	(   0        2521000          8        )	  8.60043 
113	(   0.001    2521000         17        )	 63.276   
114	(  -0.0      1683000          8        )	  0.49838 
115	(   0        1794700         12        )	  3.46724 
116	(   0        1021000         13        )	 29.6421  
117	(   0        1354100          0        )	 21.9109  
118	(   0.001    2021000          3        )	 42.3341  
119	(   0.001    1687900         18        )	 76.9175  
120	(   0.002    1247300          4        )	 72.485   

BBE ( SOL ) OBJ
121	(   0        1865300         10        )	  0.118996 *
122	(   0        2898200         16        )	  5.48403 
123	(  -0.0      2521000         17        )	 11.9525  
124	(  -0.0      1739500          7        )	  2.3468  
125	(  -0.0      1664900          9        )	  0.143802
126	(   0.001    1702600          2        )	 42.7671  
127	(   0        2365300          9        )	  3.70096 
128	(   0.001    1812200         20        )	 82.0542  
129	(   0        2028000         18        )	 24.4945  
130	(   0        1365300         11        )	  7.46892 
131	(   0        1918400          0        )	 37.0292  
132	(   0        2146900         11        )	  0.267707
133	(  -0.0      2263700         12        )	  0.718119
134	(  -0.0      1706700          9        )	  0.094398 *
135	(  -0.0      1230900          6        )	  1.21245 
136	(   0        2166300         13        )	  2.58596 
137	(  -0.0      1344400          8        )	  1.07421 
138	(  -0.0      1946300         10        )	  0.09127  *
139	(  -0.0      2665100         13        )	  1.18572 
140	(   0        1695800          9        )	  0.104788
141	(  -0.0      1700600          9        )	  0.09847 
142	(  -0.0      2081900         20        )	 34.0347  
143	(  -0.0      946300         11        )	 22.4788  
144	(   0.001    1600400         10        )	 53.6034  
145	(  -0.0      2946300          9        )	 10.206   
146	(  -0.0      1810700          0        )	 34.2584  
147	(   0        2292200         10        )	  1.23592 
148	(   0        2042400         10        )	  0.223546
149	(  -0.0      1873300         10        )	  0.109881
150	(  -0.0      1740200          9        )	  0.093651
151	(   0        2446300          5        )	 21.145   
152	(   0        1587500         10        )	  1.43482 
153	(   0.0005   2305100         10        )	 26.2927  
154	(   0        2249600         15        )	  7.42426 
155	(   0.00019  1643000          5        )	  9.24156 
156	(   0.00038  1446300         15        )	 48.3401  
157	(   0        1873400         10        )	  0.109665
158	(  -0.0      1894900         10        )	  0.094748
159	(  -0.0      1846300         10        )	  0.147888
160	(   0.0002   1929700         10        )	 10.9657  

BBE ( SOL ) OBJ
161	(   0.00002  1871900          8        )	  1.10443 
162	(   0.00003  2146300          9        )	  0.896394
163	(   0        2020700         12        )	  1.5777  
164	(   0        1746300         11        )	  1.76219 
165	(   0        1962900         10        )	  0.099156
166	(   0        1746300          9        )	  0.092308
167	(  -0.0      1915200         10        )	  0.088088 *
168	(   0.0      2019400.0       10.0      )	  0.177311
169	(   0.0      1821900         10        )	  0.192322
170	(   0.00006  2292200         11        )	  1.1153  
171	(  -0.0      1998300         10        )	  0.14097 
172	(  -0.0      1804700          9        )	  0.150715
173	(   0.00018  1745700          9        )	  9.74916 
174	(   0        2084700         11        )	  0.290884
175	(   0        2003700          9        )	  0.885568
176	(   0.00016  2115200         10        )	  6.92682 
177	(   0.00014  1826700         11        )	  9.85437 
178	(   0        1715200         10        )	  0.573436
179	(   0        1843000          9.57     )	  0.065028 *
180	(   0.0      1626400          8.57     )	  0.156894
181	(   0        1889000          9.57     )	  0.094591
182	(  -0.0      2056700         10.57     )	  0.170928
183	(  -0.0      1823900          9.57     )	  0.067411
184	(   0        1981200          9.57     )	  0.278622
185	(   0.0001   1704800          9.57     )	  5.52394 
186	(   0        1643000          9.57     )	  0.521831
187	(   0        1869000          8.57     )	  0.711255
188	(   0.00007  2043000          9.57     )	  1.68112 
189	(   0        1817000         10.57     )	  0.661879
190	(   0.0      1626400          8.28     )	  0.209829
191	(   0        1847700          9.6      )	  0.06551 
192	(   0.0      1730100          9.16     )	  0.086258
193	(   0.0      1784200          9.37     )	  0.06884 
194	(   0        1828700         10.07     )	  0.212601
195	(   0        1848000          9.17     )	  0.16379 
196	(   0.00005  1838000          9.97     )	  1.84102 
197	(   0        1943000          9.63     )	  0.159669
198	(   0.00004  1857300          9.07     )	  0.816089
199	(   0.000002 1743000          9.51     )	  0.164607
200	(   0.000002 1816200          9.4      )	  0.063087 *

BBE ( SOL ) OBJ
201	(   0.000008 1735800          8.89     )	  0.158373
202	(   0        1839800          9.55     )	  0.064971
203	(   0.000001 1818300          9.41     )	  0.062235 *
204	(   0.000002 1803600          9.32     )	  0.067973
205	(   0        1824600          9.44     )	  0.064811
206	(   0        1838900          9.55     )	  0.062302
207	(   0.000002 1824300          9.47     )	  0.060395 *
208	(   0.000003 1824200.0        9.48     )	  0.063407
209	(   0.000005 1842300          9.47     )	  0.065207
210	(   0        1844200          9.47     )	  0.070556
211	(   0.0      1838100          9.47     )	  0.06661 
212	(   0.000002 1821700          9.47     )	  0.058997 *
213	(   0.000003 1804000          9.47     )	  0.077148
214	(   0.000001 1830200          9.47     )	  0.062123
215	(   0.000002 1832500          9.47     )	  0.060025
216	(   0.000002 1813900          9.47     )	  0.061227
217	(   0.000002 1828200          9.47     )	  0.057791 *
218	(   0.000002 1847700          9.47     )	  0.063952
219	(   0.000002 1829800          9.47     )	  0.062195
220	(   0.000002 1836600          9.47     )	  0.06234 
221	(   0.000002 1822900          9.47     )	  0.061291
222	(   0.000202 1833800          9.47     )	 11.0968  
223	(   0.000052 1771900         10.47     )	  3.16457 
224	(   0.000012 1928200         10.47     )	  0.336091
225	(   0        1884500          8.47     )	  0.90672 
226	(   0        1728200          8.47     )	  0.277863
227	(   0        1822600          9.47     )	  0.067028
228	(   0.000002 1833600          9.56     )	  0.060609
229	(   0.000002 1821300          9.38     )	  0.067429
230	(   0.000002 1830500          9.52     )	  0.061725
231	(   0        1828900          9.97     )	  0.166432
232	(   0.000102 1819500          9.55     )	  4.60463 
233	(   0.000022 1827500          8.97     )	  0.32929 
234	(   0        1836900          9.39     )	  0.077863
235	(   0        1778200          9.46     )	  0.081264
236	(   0.000022 1878200          9.48     )	  0.261591
237	(   0.000006 1857300          9.6      )	  0.064519
238	(   0.000002 1821300          9.38     )	  0.066936
239	(   0        1843400          9.67     )	  0.066271
240	(   0.000006 1813000          9.27     )	  0.083156

BBE ( SOL ) OBJ
241	(   0.000052 1828700          9.48     )	  1.55896 
242	(   0.0      1808200          9.62     )	  0.079836
243	(   0.000003 1848200          9.32     )	  0.085047
244	(   0        1827700          9.46     )	  0.064182
245	(   0.000002 1848200          9.56     )	  0.058885
246	(   0.000002 1832900          9.53     )	  0.060409
247	(   0.000002 1832600          9.49     )	  0.062117
248	(   0.000002 1838200          9.48     )	  0.062998
249	(   0.000001 1826900          9.57     )	  0.064493
250	(   0        1828200          9.47     )	  0.066062
Reached stop criterion: Max number of blackbox evaluations (Eval Global) 250
251	(   0.000002 1818200          9.46     )	  0.063345
252	(   0.000022 1828200          9.47     )	  0.357677
253	(   0.000002 1829500          9.37     )	  0.068986
A termination criterion is reached: Max number of blackbox evaluations (Eval Global) No more points to evaluate 253

Best feasible solution:     #19896 ( 1.6e-06 1.8282e+06 9.47 )	Evaluation OK	 f =   0.0577912000000000009 	 h =   0                     

Best infeasible solution:   Undefined.

Blackbox evaluations:        253
Total model evaluations:     21023
Cache hits:                  18
Total number of evaluations: 271

real	49m9.555s
user	192m35.826s
sys	1m21.829s






audrey@Plateau:~/work/lethe/lethe/examples/rpt/nomad_run9$ time /home/audrey/work/NOMAD/build/release/bin/nomad param_nomad.txt
BBE ( SOL ) OBJ
1	(   0.000002 1828200          9.47     )	  0.062285 *
2	(   0.000003 1728200         10.47     )	  1.13464 
3	(   0.000001 2028200         10.47     )	  0.140231
4	(   0.000003 1628200          8.47     )	  0.19287 
5	(   0.000003 2028200          9.47     )	  0.420244
6	(   0.000001 1928200          8.47     )	  1.13088 
7	(   0.000001 1628200          9.47     )	  0.538968
8	(   0.000002 1928200          9.61     )	  0.116901
9	(   0        1828200         10.23     )	  0.318256
10	(   0.000001 1928200         10.04     )	  0.085915
11	(   0.000002 1728200          8.94     )	  0.101395
12	(   0.000001 1728200          9.36     )	  0.136132
13	(   0.000001 1928200          9.55     )	  0.135037
14	(   0.000002 1828200          9.53     )	  0.061631 *
15	(   0.000002 1728200          9.67     )	  0.283743
16	(   0.000002 1828200          8.97     )	  0.196675
17	(   0.000002 1928200          9.27     )	  0.268896
18	(   0.000001 1828200          9.41     )	  0.064578
19	(   0.000002 1828200          9.97     )	  0.176207
20	(   0.000004 1828200          9.53     )	  0.069004
21	(   0.000004 1928200          9.53     )	  0.110889
22	(   0.000005 1728200          8.53     )	  0.234433
23	(   0.000001 1928200          9.53     )	  0.149135
24	(   0.000002 1728200         10.53     )	  1.19292 
25	(   0.000003 1728200          8.53     )	  0.230934
26	(   0.000002 1928200          8.53     )	  1.00143 
27	(   0.000003 1828200          9.53     )	  0.061873
28	(   0.000001 1928200         10.53     )	  0.260206
29	(   0.000001 1828200          9.53     )	  0.059082 *
30	(   0        1828200          9.53     )	  0.065693
31	(   0.000003 1928200          9.53     )	  0.119022
32	(   0        1828200         10.53     )	  0.575256
33	(   0.000002 1928200         10.53     )	  0.265824
34	(   0.0      1728200          8.53     )	  0.237592
35	(   0.000003 1828200          8.53     )	  0.501763
36	(   0.0      1928200          8.53     )	  1.07997 
37	(   0.000003 1894200          9.73     )	  0.056632 *
38	(   0.000009 2094200         10.73     )	  0.112684
39	(   0.000005 1994200          9.73     )	  0.129208
40	(   0.000002 1794200          9.73     )	  0.14672 

BBE ( SOL ) OBJ
41	(   0.000003 1994200          9.73     )	  0.158319
42	(   0.000005 1894200          9.73     )	  0.054321 *
43	(   0.000004 1894200          8.73     )	  0.542954
44	(   0.000003 1794200          9.73     )	  0.157776
45	(   0.000001 1894200          9.73     )	  0.065338
46	(   0.000002 1894200         10.73     )	  0.535936
47	(   0.000011 1894200          9.73     )	  0.091436
48	(   0.000011 1994200          9.73     )	  0.087973
49	(   0.000002 1894200          9.73     )	  0.059282
50	(   0.000005 1894200         10.73     )	  0.575173
51	(   0.00001  1894200          9.73     )	  0.079147
52	(   0.0      1894200          9.73     )	  0.07362 
53	(   0.000007 1794200          9.73     )	  0.21049 
54	(   0.000005 1894200          8.73     )	  0.527573
55	(   0.000007 1994200         10.09     )	  0.051036 *
56	(   0.000013 2294200         11.09     )	  0.103734
57	(   0.000008 1994200         10.09     )	  0.050232 *
58	(   0.000011 1994200         10.09     )	  0.054613
59	(   0.000012 2094200         10.09     )	  0.083995
60	(   0.000004 1894200         10.09     )	  0.120493
61	(   0        1994200         10.09     )	  0.122453
62	(   0.000005 1994200          9.09     )	  0.572823
63	(   0.000009 2094200         10.09     )	  0.1137  
64	(   0.000018 1994200         10.09     )	  0.130967
65	(   0.000011 1994200         11.09     )	  0.634625
66	(   0.000007 1894200         10.09     )	  0.145773
67	(   0.000014 2094200         10.35     )	  0.053593
68	(   0.000014 2161200         10.62     )	  0.056832
69	(   0.000007 1961200          9.95     )	  0.04969  *
70	(   0.000001 1872200          9.74     )	  0.063071
71	(   0.000011 2039200         10.2      )	  0.047148 *
72	(   0.00001  2002200         10.07     )	  0.050265
73	(   0.00001  2000200         10.08     )	  0.052658
74	(   0.000009 2000200         10.08     )	  0.05044 
75	(   0.000023 2239200         11.2      )	  0.202478
76	(   0.000009 2039200         10.2      )	  0.051035
77	(   0.000007 2039200         10.2      )	  0.057479
78	(   0.000001 1939200         10.2      )	  0.107929
79	(   0.000007 2139200          9.2      )	  1.0761  
80	(   0.000021 2139200         10.2      )	  0.094476

BBE ( SOL ) OBJ
81	(   0.000005 2039200         11.2      )	  0.500516
82	(   0.000017 2039200          9.2      )	  0.4366  
83	(   0.000015 1939200         11.2      )	  1.15878 
84	(   0.000023 2273200         10.95     )	  0.088393
85	(   0.00001  2015200         10.09     )	  0.050016
86	(   0.000011 2016200         10.07     )	  0.050552
87	(   0.000009 2000200         10.09     )	  0.050103
88	(   0.00001  2010200         10.07     )	  0.049401
89	(   0.000009 1992200         10.06     )	  0.049522
90	(   0.000013 2066200         10.27     )	  0.051162
91	(   0.000009 1987200         10.03     )	  0.04672  *
92	(   0.000011 2032200         10.14     )	  0.049358
93	(   0.000011 2029200         10.18     )	  0.050471
94	(   0.00001  2015200         10.1      )	  0.051166
95	(   0.000003 1787200          9.03     )	  0.107308
96	(   0.000013 2087200         10.03     )	  0.090146
97	(   0.000011 1987200         10.03     )	  0.05626 
98	(   0.00001  1987200         10.03     )	  0.052344
99	(   0.000012 2087200         10.03     )	  0.092226
100	(   0.000019 1987200         10.03     )	  0.143974
101	(   0.000013 1987200         11.03     )	  0.646445
102	(   0.000005 1987200          9.03     )	  0.599266
103	(   0.000006 1887200         10.03     )	  0.125726
104	(   0        1987200         10.03     )	  0.117296
105	(   0.000003 1831200          9.52     )	  0.062495
106	(   0.000013 2087200         10.33     )	  0.048903
107	(   0.000011 2043200         10.23     )	  0.05128 
108	(   0.000011 2035200         10.16     )	  0.049177
109	(   0.000014 1971200          9.94     )	  0.080498
110	(   0.000009 1969200         10.53     )	  0.22764 
111	(   0.000007 1937200          9.87     )	  0.053651
112	(   0.000004 2003200         10.12     )	  0.074447
113	(   0.000011 2037200         10.19     )	  0.05153 
114	(   0.000009 2005200          9.53     )	  0.196338
115	(   0.000007 2016200          9.73     )	  0.144194
116	(   0.000008 2007200         10.01     )	  0.05528 
117	(   0.000008 1985200         10.23     )	  0.071857
118	(   0.00001  1989200          9.83     )	  0.065273
119	(   0.000011 1994200         10.17     )	  0.066958
120	(   0.000007 1980200          9.89     )	  0.059023

BBE ( SOL ) OBJ
121	(   0.00001  1967200         10.05     )	  0.062967
122	(   0.000008 1988200         10.02     )	  0.049182
123	(   0.000013 2053200         10.24     )	  0.051586
124	(   0.000009 2004200         10.08     )	  0.051062
125	(   0.00001  1993200         10.12     )	  0.056073
126	(   0.000008 1989200         10.12     )	  0.053805
127	(   0.000008 1981200          9.94     )	  0.051581
128	(   0.000009 1997200          9.98     )	  0.051368
129	(   0.000009 1977200         10.08     )	  0.0565  
130	(   0.00001  1985200          9.94     )	  0.051914
131	(   0.000008 1995790          9.94     )	  0.055262
132	(   0.000009 1998200         10.02     )	  0.048868
133	(   0.000007 1972200          9.9767   )	  0.04899 
134	(   0.000009 1983530          9.9978   )	  0.050212
135	(   0.000008 1987030         10.0145   )	  0.050114
136	(   0.000009 1982200         10.0562   )	  0.050972
137	(   0.000009 1987320         10.08     )	  0.049731
138	(   0.000009 1992200         10.0038   )	  0.048464
139	(   0.000009 1982200          9.9919   )	  0.048175
140	(   0.00001  1992200         10.0681   )	  0.049168
141	(   0.00001  1987080          9.98     )	  0.048775
142	(   0.000009 1985270         10.0239   )	  0.050677
143	(   0.000008 1987320         10.0371   )	  0.049826
144	(   0.000009 1987140          9.9943   )	  0.050611
145	(   0.000009 1985740         10.05     )	  0.050903
146	(   0.000009 1989200         10.0434   )	  0.050132
147	(   0.000009 1986970         10.0374   )	  0.050649
148	(   0.000009 1985200         10.0166   )	  0.050195
149	(   0.000009 1988660         10.01     )	  0.049951
150	(   0.000009 1987430         10.0226   )	  0.049832
151	(   0.000009 1987310         10.0268   )	  0.049992
152	(   0.000009 1987490         10.02     )	  0.050132
153	(   0.000009 1986910         10.04     )	  0.050153
154	(   0.000009 1986200         10.0273   )	  0.049784
155	(   0.000009 1987210         10.0272   )	  0.049751
156	(   0.000009 1987190         10.0328   )	  0.050323
157	(   0.000009 1988200         10.0327   )	  0.050304
158	(   0.000009 1986200         10.02     )	  0.050616
159	(   0.000009 1986310         10.033733 )	  0.049885
160	(   0.000009 1987150         10.025383 )	  0.051589

BBE ( SOL ) OBJ
161	(   0.000009 1986700         10.030132 )	  0.049982
162	(   0.000009 1986762.9       10.029648 )	  0.049871
163	(   0.000009 1987637.1       10.030352 )	  0.049862
164	(   0.000009 1987210         10.025    )	  0.049756
165	(   0.000009 1987700         10.029868 )	  0.049764
166	(   0.000009 1987190         10.035    )	  0.05    
167	(   0.000009 1986713.3       10.024932 )	  0.048779
168	(   0.000009 1986872.2       10.029755 )	  0.049848
169	(   0.000009 1987125.5       10.026189 )	  0.049444
170	(   0.000009 1986815.9       10.02688  )	  0.051867
171	(   0.000009 1987111.5       10.02712  )	  0.048381
172	(   0.000009 1986891         10.028513 )	  0.049029
173	(   0.000009 1986949.6       10.027932 )	  0.050199
174	(   0.000009 1987202.3       10.028    )	  0.049766
175	(   0.000009 1987400         10.030077 )	  0.049805
176	(   0.000009 1987197.7       10.032    )	  0.049862
177	(   0.000009 1987399.7       10.029968 )	  0.049766
178	(   0.000009 1987000         10.029923 )	  0.049819
179	(   0.000009 1987000.3       10.030032 )	  0.04986 
180	(   0.000009 1987201.8       10.029984 )	  0.048234
181	(   0.000009 1987216.7       10.031881 )	  0.050373
182	(   0.000009 1987148.3       10.027612 )	  0.049535
183	(   0.000009 1987277         10.029406 )	  0.04948 
184	(   0.000009 1987103.8       10.029    )	  0.049   
185	(   0.000009 1987268.1       10.029199 )	  0.048972
186	(   0.000009 1987123         10.030594 )	  0.049024
187	(   0.000009 1987296.2       10.031    )	  0.049018
188	(   0.000009 1987131.9       10.030801 )	  0.049048
189	(   0.000009 1987196.921     10.030009 )	  0.049445
190	(   0.000009 1987342.8       10.030456 )	  0.049636
191	(   0.000009 1987163.55      10.029364 )	  0.052573
192	(   0.000009 1987250         10.030043 )	  0.049315
193	(   0.000009 1987205.738     10.0305   )	  0.049337
194	(   0.000009 1987214.859     10.029515 )	  0.049314
195	(   0.000009 1987194.262     10.0295   )	  0.049306
196	(   0.000009 1987150         10.029957 )	  0.049329
197	(   0.000009 1987185.141     10.030485 )	  0.049329
198	(   0.000009 1987201.313     10.030009 )	  0.051143
199	(   0.000009 1987197.342     10.030131 )	  0.049337
200	(   0.000009 1987220         10.030022 )	  0.049334

BBE ( SOL ) OBJ
201	(   0.000009 1987202.658     10.029869 )	  0.049334
202	(   0.000009 1987201.43      10.0298   )	  0.04933 
203	(   0.000009 1987198.57      10.0302   )	  0.049342
204	(   0.000009 1987180         10.029978 )	  0.049338
205	(   0.000009 1987220         10.0298   )	  0.048295
206	(   0.000009 1987220.271     10.030356 )	  0.05095 
207	(   0.000009 1987200.764     10.029714 )	  0.050936
208	(   0.000009 1987194.362     10.029927 )	  0.049311
209	(   0.000009 1987195.837     10.0301   )	  0.049314
210	(   0.000009 1987204.163     10.0299   )	  0.049308
211	(   0.000009 1987190         10.02999  )	  0.049311
212	(   0.000009 1987210         10.03001  )	  0.049311
213	(   0.000009 1987205.638     10.030073 )	  0.049311
214	(   0.000009 1987190.000001  10.0301   )	  0.050073
215	(   0.000009 1987210.370333  10.029956 )	  0.048715
216	(   0.000009 1987208.8185    10.029942 )	  0.04809 
217	(   0.000009 1987187.079     10.030151 )	  0.049174
218	(   0.000009 1987211.76975   10.029888 )	  0.050857
219	(   0.000009 1987195         10.029965 )	  0.047476
220	(   0.000009 1987197.66564   10.03005  )	  0.047477
221	(   0.000009 1987203.18761   10.029992 )	  0.050668
222	(   0.000009 1987205         10.030035 )	  0.050668
223	(   0.000009 1987196.81239   10.030008 )	  0.047475
224	(   0.000009 1987202.33436   10.02995  )	  0.050667
225	(   0.000009 1987200.0       10.029993 )	  0.050598
226	(   0.000009 1987196.875953  10.029932 )	  0.048326
227	(   0.000009 1987197.468218  10.03002  )	  0.049563
228	(   0.000009 1987199.47283   10.029998 )	  0.050158
229	(   0.000009 1987200.45765   10.03002  )	  0.050158
230	(   0.000009 1987200.52717   10.030002 )	  0.050158
231	(   0.000009 1987199.54235   10.02998  )	  0.050158
232	(   0.000009 1987202         10.029995 )	  0.050158
233	(   0.000009 1987198         10.030005 )	  0.050158
234	(   0.000009 1987202         10.03002  )	  0.050327
235	(   0.000009 1987199.76903   10.02999  )	  0.049289
236	(   0.000009 1987199         10.030002 )	  0.049289
237	(   0.000009 1987200.23097   10.03001  )	  0.049289
238	(   0.000009 1987199.85944   10.03     )	  0.049289
239	(   0.000009 1987201         10.029998 )	  0.049289
240	(   0.000009 1987200.14056   10.03     )	  0.049289

BBE ( SOL ) OBJ
241	(   0.000009 1987201         10.03001  )	  0.048001
242	(   0.000009 1987201.726107  10.029996 )	  0.051359
243	(   0.000009 1987200.536947  10.029999 )	  0.050217
244	(   0.000009 1987200.419829  10.03     )	  0.05165 
245	(   0.000009 1987199.5       10.03     )	  0.050123
246	(   0.000009 1987200.5       10.03     )	  0.050123
247	(   0.000009 1987199.580171  10.03     )	  0.050123
248	(   0.000009 1987200.012376  10.029995 )	  0.050123
249	(   0.000009 1987199.987624  10.030005 )	  0.050123
250	(   0.000009 1987199.760373  10.030009 )	  0.051547
A termination criterion is reached: Max number of blackbox evaluations (Eval Global) No more points to evaluate 250

Best feasible solution:     #10359 ( 9.1e-06 1.9872e+06 10.03 )	Evaluation OK	 f =   0.04672040000000000221	 h =   0                     

Best infeasible solution:   Undefined.

Blackbox evaluations:        250
Total model evaluations:     16660
Cache hits:                  38
Total number of evaluations: 288

real	44m33.365s
user	172m43.506s
sys	1m16.929s


