audrey@Plateau:~/work/lethe/lethe/examples/rpt/parameters_tuning$ time /home/audrey/work/NOMAD/build/release/bin/nomad param_nomad.txt
BBE ( SOL ) OBJ
1       (   0.0001   1000000         15        )        1710630000        *
2       (   0.00011  900000         13        ) 1771260000       
3       (   0.00009  1000000         13        )        1562690000        *
4       (   0.00009  900000         16        ) 1824660000       
5       (   0.00011  1100000         14        )        1610130000       
6       (   0.00009  1100000         17        )        1651970000       
7       (   0.00011  1000000         17        )        1844340000       
8       (   0.00006  1000000          7        )        1048570000        *
9       (   0        1000000          0        )         438375000        *
10      (   0.00005  900000          0        )  858750000       
11      (   0        900000          0        )  485534000       
12      (   0.00004  1000000          4        )         741101000       
13      (   0        1000000          3        )         344471000        *
14      (   0        1100000          4        )         253552000        *
15      (   0.00002  1000000          3        )         532339000       
16      (   0.00001  1000000          2        )         427923000       
17      (   0.00001  1200000          4        )         257388000       
18      (   0.00001  1200000          7        )         342439000       
19      (  -0        1300000          8        )         182024000        *
20      (  -0.0      1500000         11        )         162930000        *
21      (   0        1300000          6        )         117973000        *
22      (   0        1400000          5.0      )          75488800        *
23      (   0        1500000          9        )          72370400        *
24      (   0        1600000         12.0      )         145959000       
25      (   0        1800000         21.0      )         527359000       
26      (  -0.0      1500000          6        )          41027900        *
27      (   0        1500000          0        )        1121750000       
28      (   0.00011  1800000         21.0      )        1436650000       
29      (  -0.0      1600000          7        )          20383400        *
30      (  -0.0      1800000          8.0      )          32562200       
31      (   0.0      1900000         10        )          29383900       
32      (   0        1900000         15        )         158679000       
33      (  -0.0      2000000          8        )         154801000       
34      (  -0.0      1600000          9        )          31367000       
35      (   0.00001  1600000          0        )        1134600000       
36      (   0.0001   2000000          9        )         735274000       
37      (   0        1600000         57        )        2010660000       
38      (   0.00008  1100000         10        )        1233510000       
39      (   0        2100000          4        )        1116360000       
40      (   0        1200000          5        )         176168000       

BBE ( SOL ) OBJ
41      (   0.0001   1200000          0        )         999775000       
42      (   0.0      1600000          9        )          30779600       
43      (   0        1600000          0        )        1432880000       
44      (   0.00005  1800000          0        )         962302000       
45      (   0        1800000         11        )          33036400       
46      (   0.00002  1600000         27        )        1178580000       
47      (   0.00005  1400000          3        )         508353000       
48      (   0        1400000         19        )         754329000       
49      (   0.00002  1800000         13        )         236889000       
50      (   0.0      1800000          8        )          35432900       
51      (  -0.0      1700000          9        )           9753160        *
52      (  -0        2000000         15        )         138816000       
53      (   0.00002  1300000         11        )         557999000       
54      (  -0.0      1900000          8        )          79831400       
55      (   0.0      1700000          9        )          11604600       
56      (   0        1700000          0        )        1810790000       
57      (   0.00002  1700000          4        )         239646000       
58      (   0.00001  1700000         29        )        1102550000       
59      (   0        1700000         14        )         192641000       
60      (  -0.0      1500000          5        )          78072100       
61      (  -0.0      1900000         13        )          77556100       
62      (   0.00001  1500000         14        )         431325000       
63      (  -0.0      1400000          7        )          76572800       
64      (   0.0      1800000          9        )          12338700       
65      (   0        1700000         11        )          54977300       
66      (   0.00001  1700000          7        )          41182200       
67      (  -0.0      1600000         19        )         556958000       
68      (   0.00001  1800000         19        )         486340000       
69      (  -0.0      1800000          0        )        2250530000       
70      (   0.00001  1800000          8        )          19875600       
71      (   0        1667000         10        )          34686500       
72      (   0.000005 1767000          9        )           9354660        *
73      (   0.000025 1967000          9        )          70417500       
74      (   0.000015 1567000         10        )         195011000       
75      (   0        1767000         14        )         158930000       
76      (   0.000015 1767000          4        )         270011000       
77      (   0.000005 1667000         10        )          57647000       
78      (   0        1667000          6        )          71994800       
79      (   0.000005 1867000          8        )          26025900       
80      (   0.000015 1867000         12        )         109313000       

BBE ( SOL ) OBJ
81      (   0.00002  1968000          9        )          37970500       
82      (   0.000008 1867000          9        )           6199860        *
83      (   0.000018 2167000          9        )          27319900       
84      (   0.000008 1767000          9        )          18190000       
85      (   0        1767000         10        )          16539100       
86      (   0.000008 1767000          8        )          17372500       
87      (   0        1767000          9        )           9124130       
88      (   0.000018 1767000          9        )          80753300       
89      (   0.000008 1867000         11        )          33205800       
90      (   0.000018 1967000          9        )          28950000       
91      (   0.000008 1867000          7        )          58629200       
92      (   0        1967000          9        )          69859500       
93      (   0.000017 2167000          9        )          26846700       
94      (   0.000006 1836000          9        )           5720760        *
95      (   0        1736000          9        )           7784370       
96      (   0.000006 1836000          8        )          17838200       
97      (   0.000006 1836000         10        )          12358100       
98      (   0.000016 1836000          9        )          43798400       
99      (   0.000006 1736000          8        )          14793000       
100     (   0.000006 1736000         10        )          37102700       
101     (   0.000006 1936000         10        )           6786290       
102     (   0        1836000          9        )          20970800       
103     (   0.000006 1936000          8        )          42792900       
104     (   0        1743000          9        )           9530250       
105     (   0.000011 1936000          9.45     )           6503660       
106     (   0.00001  1823000          8.3      )          18615700       
107     (   0.000007 1908000          9.58     )           4483460        *
108     (   0.000003 1805000          8.94     )           6518650       
109     (   0.000009 1903000          9.32     )           5367000       
110     (   0.000007 1898000          9.6      )           4480400        *
111     (   0.000006 1913000          9.9      )           5104230       
112     (   0.000009 1970000         10        )           5136760       
113     (   0.000006 1948000         10.13     )           6639800       
114     (   0.000008 1914000          9.52     )           4519440       
115     (   0.000005 1843000          9.13     )           5411560       
116     (   0.000008 1938000          9.78     )           4304500        *
117     (   0.000006 1915000          9.79     )           5107610       
118     (   0.000008 1914000          9.59     )           3492450        *
119     (   0.000008 1925000          9.73     )           4632630       
120     (   0.000007 1912000          9.62     )           4364710       

BBE ( SOL ) OBJ
121     (   0.000009 1945000          9.73     )           4447710       
122     (   0.000008 1933000          9.7      )           4235140       
123     (   0.000009 1945000          9.76     )           4409950       
124     (   0.000008 1920000          9.66     )           4385840       
125     (   0.000006 1814000          8.59     )           9326340       
126     (   0.00001  1914000          9.59     )           7183040       
127     (   0.000009 1914000          9.59     )           5456600       
128     (   0.000008 1914000          9.59     )           4102260       
129     (   0.000008 1914000          9.59     )           4358980       
130     (   0.000003 1914000         10.59     )          16564200       
131     (   0.000012 1814000         10.59     )          60080700       
132     (   0.00001  2014000         10.59     )           6893110       
133     (   0.000003 2014000          8.59     )          74299200       
134     (   0.000005 1814000          8.59     )           7568850       
135     (   0.000013 1914000          8.59     )          16314400       
136     (   0.000006 1842000          9.02     )           5686690       
137     (   0.000007 1912000          9.65     )           4205070       
138     (   0.000007 1894000          9.52     )           5040100       
139     (   0.000008 1923000          9.66     )           5097330       
140     (   0.000008 1964000          9.57     )           4911890       
141     (   0.000006 1916000          9.53     )           5309610       
142     (   0.000007 1916000         10.09     )           6334480       
143     (   0.000008 1912000          9.09     )           5629330       
144     (   0.000008 1864000          9.61     )           7029040       
145     (   0.00001  1912000          9.65     )           6859740       
146     (   0.000008 1945000          9.32     )           6217990       
147     (   0.000009 1927000          9.39     )           4886350       
148     (   0.000008 1928000          9.79     )           4891420       
149     (   0.000007 1934000          9.56     )           5485000       
150     (   0.000007 1901000          9.79     )           5371520       
151     (   0.000007 1900000          9.39     )           4775030       
152     (   0.000009 1894000          9.62     )           6552450       
153     (   0.000008 1934000          9.39     )           4974310       
154     (   0.000008 1915000          9.69     )           4956990       
155     (   0.000007 1913000          9.59     )           4644420       
156     (   0.000008 1904000          9.6      )           5200900       
157     (   0.000008 1913000          9.49     )           4746310       
158     (   0.000008 1915000          9.59     )           5087250       
159     (   0.000008 1924000          9.58     )           4572460       
160     (   0.000008 1924000          9.49     )           4427640       

BBE ( SOL ) OBJ
161     (   0.000007 1893670          9.52     )           4798920       
162     (   0.000008 1923170          9.655    )           4937350       
163     (   0.000008 1909000          9.6158   )           4287560       
164     (   0.000008 1910050          9.54     )           4260240       
165     (   0.000007 1914520          9.5559   )           4031330       
166     (   0.000008 1919000          9.5642   )           4049690       
167     (   0.000008 1913480          9.6241   )           4336580       
168     (   0.000008 1917950          9.64     )           4061890       
169     (   0.000008 1914520          9.5559   )           4496750       
170     (   0.000008 1913730          9.5001   )           4440390       
171     (   0.000008 1916900          9.605    )           4441820       
172     (   0.000008 1914360          9.5814   )           5194760       
173     (   0.000008 1912000          9.5807   )           5266690       
174     (   0.000008 1913050          9.61     )           5268690       
175     (   0.000008 1916000          9.5993   )           5200850       
176     (   0.000008 1913640          9.5986   )           5285400       
177     (   0.000008 1914950          9.57     )           5204730       
178     (   0.000008 1914020          9.59     )           4463320       
179     (   0.000008 1913000          9.5898   )           4199240       
180     (   0.000008 1914020          9.58     )           4181320       
181     (   0.000008 1914010          9.5842   )           4157680       
182     (   0.000008 1915000          9.5902   )           4158770       
183     (   0.000008 1913990          9.5958   )           4202420       
184     (   0.000008 1913980          9.6      )           4176650       
185     (   0.000008 1914825.9        9.6      )           3977200       
186     (   0.000008 1914540.6        9.602467 )           4639050       
187     (   0.000008 1914142.6        9.588767 )           4107590       
188     (   0.000008 1914408          9.5979   )           4768110       
189     (   0.000008 1914209          9.59105  )           4123440       
190     (   0.000008 1913997.7        9.593559 )           4637400       
191     (   0.000008 1914500          9.59006  )           4628630       
192     (   0.000008 1914007.3        9.585    )           4629490       
193     (   0.000008 1914002.3        9.586441 )           4638500       
194     (   0.000008 1913992.7        9.595    )           4646930       
195     (   0.000008 1913500          9.58994  )           4647330       
196     (   0.000008 1913997.7        9.589894 )           4565220       
197     (   0.000008 1914436.7        9.594794 )           4216780       
198     (   0.000008 1914265.9        9.591986 )           4975910       
199     (   0.000008 1914200          9.590081 )           4775350       
200     (   0.000008 1913992.6        9.592    )           4784910       

BBE ( SOL ) OBJ
201     (   0.000008 1913991.9        9.590188 )           4776420       
202     (   0.000008 1913800          9.589919 )           4787150       
203     (   0.000008 1914008.1        9.589812 )           4786080       
204     (   0.000008 1914007.4        9.588    )           4777610       
205     (   0.000008 1913800          9.588    )           4827010       
206     (   0.000008 1913797.7        9.585083 )           4504350       
207     (   0.000008 1914276.9        9.592367 )           4906910       
208     (   0.000008 1914100          9.590197 )           4858120       
209     (   0.000008 1913977.7        9.589    )           4860150       
210     (   0.000008 1913928.4        9.590954 )           4864790       
211     (   0.000008 1913900          9.589803 )           4860620       
212     (   0.000008 1914022.3        9.591    )           4858600       
213     (   0.000008 1914071.6        9.589046 )           4854050       
214     (   0.000008 1913900          9.589    )           4229400       
215     (   0.000008 1913948.967      9.589439 )           4936150       
216     (   0.000008 1913985.517      9.58978  )           4764010       
217     (   0.000008 1913953.529      9.5905   )           4628350       
218     (   0.000008 1914000.994      9.590023 )           4626700       
219     (   0.000008 1914046.471      9.5895   )           4625870       
220     (   0.000008 1913999.006      9.589977 )           4627510       
221     (   0.000008 1914050          9.590464 )           4626650       
222     (   0.000008 1913950          9.589536 )           4627560       
223     (   0.000008 1913994.729175   9.590023 )           5368270       
224     (   0.000008 1914020          9.589933 )           4597050       
225     (   0.000008 1914007.014      9.590079 )           4597050       
226     (   0.000008 1913980          9.590067 )           4598070       
227     (   0.000008 1914004.593      9.5902   )           4597910       
228     (   0.000008 1913992.986      9.589921 )           4598080       
229     (   0.000008 1913995.407      9.5898   )           4597220       
230     (   0.000008 1913980.003      9.590112 )           4149780       
231     (   0.000008 1914002.302      9.590181 )           4088100       
232     (   0.000008 1913968.203      9.590195 )           5056770       
233     (   0.000008 1914007.050833   9.590049 )           4952160       
234     (   0.000008 1914001.97       9.590049 )           4883690       
235     (   0.000008 1913990          9.590089 )           4884110       
236     (   0.000008 1914010          9.590095 )           4883770       
237     (   0.000008 1914010          9.589911 )           4883490       
238     (   0.000008 1913998.03       9.589951 )           4883900       
239     (   0.000008 1913990          9.589905 )           4883830       
240     (   0.000008 1913997.961663   9.590095 )           5016730       

BBE ( SOL ) OBJ
241     (   0.000008 1913980.002      9.590142 )           4200740       
242     (   0.000008 1913953.336667   9.590169 )           4960190       
243     (   0.000008 1914003.334167   9.590042 )           4321040       
244     (   0.000008 1913970.0025     9.590127 )           4754440       
245     (   0.000008 1913995.00125    9.590063 )           4473670       
246     (   0.000008 1914005          9.59     )           4087630       
247     (   0.000008 1914000.03335    9.58995  )           4087700       
248     (   0.000008 1914000.02078    9.590025 )           4395410       
249     (   0.000008 1913995          9.59     )           4087830       
250     (   0.000008 1913999.97922    9.589975 )           4087640       
Reached stop criterion: Max number of blackbox evaluations (Eval Global) 250
251     (   0.000008 1913999.96665    9.59005  )           4087750       
A termination criterion is reached: Max number of blackbox evaluations (Eval Global) No more points to evaluate 251

Best feasible solution:     #7892 ( 7.7e-06 1.914e+06 9.59 )    Evaluation OK    f = 3492450                             h =   0                     

Best infeasible solution:   Undefined.

Blackbox evaluations:        251
Total model evaluations:     13846
Cache hits:                  35
Total number of evaluations: 286

real    23m51.012s
user    172m4.527s
sys     0m40.148s

