audrey@Plateau:~/work/lethe/lethe/examples/rpt/parameters_tuning$ time /home/audrey/work/NOMAD/build/release/bin/nomad param_nomad.txt
BBE ( SOL ) OBJ
1       (   0.0      120000000          0.1      )      146.256    *
2       (   0.0      120000000          0.11     )      146.232    *
3       (   0.0      110000000          0.1      )      145.945    *
4       (   0.0      130000000          0.1      )      146.516   
5       (   0.0      130000000          0.11     )      146.555   
6       (   0.0      120000000          0.09     )      146.28    
7       (   0.0      110000000          0.09     )      145.906    *
8       (   0.0      80000000          0.06     )       144.381    *
9       (   0.0        0          0        )    150       
10      (   0.0       -0         -0.0      )    150       
11      (   0.0      80000000          0.06     )       144.421   
^C
NOMAD caught User interruption.
Please wait...
Warning: Evaluation error with point #510 ( 7.5e-08 7e+07 0.04 )        Evaluation error         Undefined f     h =   0                     : output is empty
Warning: Evaluator returned exit status 2 for point: ( 7.5e-08 7e+07 0.04 )
Warning: Evaluator returned exit status 2 for point: ( 7.5e-08 7e+07 0.04 )
A termination criterion is reached: Ctrl-C (Base) No more points to evaluate

Best feasible solution:     #7 ( 5.5e-08 8e+07 0.06 )   Evaluation OK    f = 144.38100000000000023       h =   0                     

Best infeasible solution:   Undefined.

Blackbox evaluations:               11
Blackbox evaluation (not counting): 1
Total model evaluations:            424
Total number of evaluations:        12

real    18m13.686s
user    71m36.003s
sys     0m22.159s
audrey@Plateau:~/work/lethe/lethe/examples/rpt/parameters_tuning$ time /home/audrey/work/NOMAD/build/release/bin/nomad param_nomad.txt
BBE ( SOL ) OBJ
1       (   0.0      120000000          0.1      )      146.255    *
2       (   0.0      130000000          0.1      )      146.516   
3       (   0.0      130000000          0.11     )      146.555   
4       (   0.0      110000000          0.1      )      145.945    *
5       (   0.0      110000000          0.09     )      145.907    *
6       (   0.0      120000000          0.11     )      146.232   
7       (   0.0      120000000          0.09     )      146.28    
8       (   0.0      80000000          0.06     )       144.382    *
9       (   0.0        0          0        )    150       
10      (   0.0       -0         -0.0      )    150       
11      (   0.0      80000000          0.06     )       144.418   
12      (   0.0      70000000          0.04     )       143.582    *
13      (   0.0      50000000          0.01     )       141.133    *
14      (   0.0      30000000          0        )       135.71     *
15      (   0.0        0          0        )    150       
16      (   0.0      30000000          0        )       135.63     *
17      (   0.0        0          0        )    150       
18      (   0.0        0          0        )    150       
19      (   0.0      60000000          0.03     )       142.555   
20      (   0.0      10000000          0        )       111.971    *
21      (   0.0        0          0        )    150       
22      (   0.0        0          0        )    150       
23      (   0.0      40000000          0.01     )       139.02    
24      (   0.0      10000000          0        )       111.992   
25      (   0.0      20000000          0        )       129.203   
26      (   0.0        0          0        )    150       
27      (   0.0      30000000          0.01     )       135.643   
28      (   0.0        0          0        )    150       
29      (   0.0      20000000          0.01     )       129.193   
30      (   0.0      10000000          0.01     )       112.002   
31      (   0.0        0          0        )    150       
32      (   0.0      30000000          0        )       135.794   
33      (   0.0        0          0.02     )    150       
34      (   0.0      70000000          0.05     )       143.448   
35      (   0.0      110000000          0        )      145.579   
36      (   0.0        0          0.02     )    150       
37      (   0.0      110000000          0.04     )      145.451   
38      (   0.0        0          0        )    150       
39      (   0.0      20000000          0        )       129.294   
40      (   0.0      20000000          0        )       129.228   

BBE ( SOL ) OBJ
41      (   0.0        0          0.02     )    150       
42      (   0.0      60000000          0        )       142.419   
43      (   0.0      30000000         -0.0      )       135.697   
44      (   0.0      10000000          0        )       111.946    *
45      (   0.0      10000000          0        )       112.004   
46      (   0.0      10000000          0.01     )       111.947   
47      (   0.0      30000000          0        )       135.617   
48      (   0.0      10000000          0        )       111.87     *
49      (   0.0      10000000          0        )       111.618    *
50      (   0.000001 10000000          0        )       110.871    *
51      (   0.000003 10000000          0        )       108.579    *
52      (   0.000007 10000000          0        )       102.239    *
53      (   0.000022 10000000          0        )        86.611    *
54      (   0.000066 10000000          0        )        57.3613   *
55      (   0.000197 10000000          0        )        26.1742   *
56      (   0.000591 10000000          0        )        23.8816   *
57      (   0.001772 10000000          0        )        60.2695  
58      (   0.000541 10000000          0        )        22.44     *
59      (   0.000557   0          0.01     )    150       
60      (   0.000579 30000000          0.01     )        23.3774  
61      (   0.000602   0          0        )    150       
62      (   0.000641 10000000          0.01     )        25.4516  
63      (   0.000624 20000000          0        )        24.7413  
64      (   0.000391 10000000          0        )        19.6593   *
65      (   0        10000000          0        )       112.195   
66      (   0.000459 40000000          0.02     )        20.7731  
67      (   0.000348 10000000         -0        )        19.6263   *
68      (   0.000232   0          0.0      )    150       
69      (   0.00022  10000000          0        )        24.1507  
70      (   0.000535 30000000          0        )        22.2266  
71      (   0.000264 10000000          0.01     )        21.5027  
72      (   0.000332 20000000          0.01     )        20.4737  
73      (   0.000254   0          0        )    150       
74      (   0.000408 30000000          0.01     )        20.2372  
75      (   0.000433 10000000          0        )        20.1054  
76      (   0        20000000          0        )       129.477   
77      (   0.000717 30000000         -0        )        27.6372  
78      (   0.000356 10000000          0.01     )        19.5887   *
79      (   0.000339 10000000          0        )        19.6834  
80      (   0.000848   0         -0        )    150       

BBE ( SOL ) OBJ
81      (   0          0          0        )    150       
82      (   0.000382 10000000          0.04     )        19.6014  
83      (   0.000362 40000000          0.04     )        20.4193  
84      (   0.000344   0          0.02     )    150       
85      (   0.000392 20000000          0.01     )        20.0521  
86      (   0.00036    0          0.02     )    150       
87      (   0.000384 20000000          0.01     )        20.0423  
88      (   0.000368   0          0.02     )    150       
89      (   0.00038  20000000          0.01     )        20.0445  
90      (   0.000369   0          0.01     )    150       
91      (   0.000856 10000000          0.02     )        32.8629  
92      (   0.000343 30000000          0.01     )        20.5331  
93      (   0.000062 10000000          0.03     )        59.0815  
94      (   0.000651 10000000          0        )        25.7744  
95      (   0.000412 20000000          0.03     )        20.1371  
96      (   0.000165 20000000          0.01     )        32.9154  
97      (   0.000378 10000000          0        )        19.5961  
98      (   0.000156   0          0.01     )    150       
99      (   0.000547   0          0.01     )    150       
100     (   0.000335 10000000          0.02     )        19.7175  
101     (   0.000556 20000000          0.01     )        22.7857  
102     (   0.000431 14900000          0.0108   )        20.2203  
103     (   0.00036    0          0.0233   )    150       
104     (   0.000378 15000000          0.0133   )        19.8869  
105     (   0.000366 5000000          0.02     )         18.8029   *
106     (   0.00036    0          0.0234   )    150       
107     (   0.000351 6700000          0        )         19.118   
108     (   0.000338 4500000          0.02     )         18.4596   *
109     (   0.000318 1700000          0.03     )         16.8589   *
110     (   0.000334   0          0.0233   )    150       
111     (   0.000351 7200000          0.0133   )         19.211   
112     (   0.00034  1700000          0.02     )         17.4743  
113     (   0.000331   0          0.0467   )    150       
114     (   0.000346 4800000          0.0117   )         18.6147  
115     (   0.000304 500000          0.0211   )  26.6614  
116     (   0.00035  3900000          0.0203   )         18.3137  
117     (   0.000326 100000          0.0352   )  85.5334  
118     (   0.000341 3600000          0.0176   )         18.1113  
119     (   0.000316 800000          0.0248   )  20.0296  
120     (   0.000342 3100000          0.0214   )         17.8815  

BBE ( SOL ) OBJ
121     (   0.000325 700000          0.03     )  22.0209  
122     (   0.000337 2900000          0.0207   )         17.7141  
123     (   0.000322 1100000          0.0257   )         17.9496  
124     (   0.000337 2600000          0.0225   )         17.5608  
125     (   0.000326 1100000          0.0276   )         18.103   
126     (   0.000334 2500000          0.0224   )         17.4683  
127     (   0.000325 1300000          0.0258   )         17.4475  
128     (   0.000312 2000000          0.0321   )         16.7859   *
129     (   0.000298 2100000          0.0382   )         16.5778   *
130     (   0.000293 900000          0.0403   )  17.9855  
131     (   0.000324 2100000          0.0269   )         17.084   
132     (   0.000302 2600000          0.0376   )         17.0608  
133     (   0.000288 2200000          0.0436   )         16.5152   *
134     (   0.000271 2200000          0.052    )         16.3074   *
135     (   0.000289 1400000          0.0425   )         16.1236   *
136     (   0.000283 800000          0.045    )  18.5196  
137     (   0.000254 2100000          0.0585   )         16.0326   *
138     (   0.000222 2300000          0.0727   )         16.4514  
139     (   0.000244 1700000          0.0638   )         15.2416   *
140     (   0.000217 1500000          0.0766   )         14.465    *
141     (   0.000236 1100000          0.0664   )         14.7519  
142     (   0.000182 1700000          0.0918   )         14.8413  
143     (   0.00017  800000          0.098    )  13.48     *
144     (   0.000128 100000          0.1178   )  82.8621  
145     (   0.000233 600000          0.0689   )  19.8006  
146     (   0.000195 1400000          0.0861   )         13.8795  
147     (   0.000152 1400000          0.1074   )         13.5376  
148     (   0.000127 900000          0.1177   )  11.4609   *
149     (   0.000082 600000          0.1383   )  12.0563  
150     (   0.000104 700000          0.1293   )  11.5324  
151     (   0.000116 200000          0.1226   )  50.0546  
152     (   0.000143 1100000          0.1112   )         12.1527  
153     (   0.00008  1000000          0.1408   )         10.7401   *
154     (   0.000035 1100000          0.1622   )         12.413   
155     (   0.000065 600000          0.1473   )  11.2025  
156     (   0.000077 1000000          0.1412   )         10.7214   *
157     (   0.000063 1100000          0.1472   )         11.7241  
158     (   0.00002  800000          0.1685   )   8.51831  *
159     (   0        800000          0.1939   )   8.25195  *
160     (   0.00004  1300000          0.17     )         15.5056  

BBE ( SOL ) OBJ
161     (   0.000058 800000          0.153    )   9.38565 
162     (   0.00001  700000          0.1846   )   7.84542  *
163     (   0        600000          0.2065   )   8.03261 
164     (   0        500000          0.2131   )  10.5234  
165     (   0        700000          0.1952   )   7.51578  *
166     (   0        700000          0.2295   )   7.45886  *
167     (   0        600000          0.2677   )   7.99844 
168     (   0.000007 600000          0.2123   )   8.36217 
169     (   0.000002 800000          0.1985   )   8.258   
170     (   0        700000          0.3295   )   7.32926  *
171     (   0        700000          0.6295   )   6.8906   *
172     (   0        700000          1.5295   )   6.08544  *
173     (   0        700000          4.2295   )   8.10203 
174     (   0        10700000          1.4995   )       109.963   
175     (   0          0          1.4295   )    150       
176     (   0        700000          1.6295   )   6.05142  *
177     (   0.000065   0          1.5595   )    150       
178     (   0.000075 10700000          1.6295   )        51.6669  
179     (   0.000098 700000          1.4295   )  11.2363  
180     (   0        700000          1.9295   )   5.95834  *
181     (   0        700000          2.8295   )   6.21721 
182     (   0.000098 10700000          1.4295   )        43.6045  
183     (   0.000007 700000          2.2295   )   6.3358  
184     (   0.000009 700000          2.4295   )   6.55157 
185     (   0        700000          1.4295   )   6.13942 
186     (   0.0001   700000          1.8795   )  11.5747  
187     (   0        700000          1.9795   )   5.95089  *
188     (   0        10700000          1.9395   )       108.585   
189     (   0.000034   0          1.9195   )    150       
190     (   0        700000          2.1295   )   5.93183  *
191     (   0        700000          2.5795   )   6.0778  
192     (   0.0001   10700000          2.8295   )        40.9703  
193     (   0.000005 700000          3.9595   )   7.9159  
194     (   0.000003 700000          3.0395   )   6.61471 
195     (   0.0001   700000          3.0595   )  12.871   
196     (   0        10700000          2.8095   )       105.677   
197     (   0.000063   0          1.4495   )    150       
198     (   0          0          2.9195   )    150       
199     (   0.000073 10700000          1.3395   )        52.8505  
200     (   0        700000          1.1995   )   6.29857 

BBE ( SOL ) OBJ
201     (   0.0001   5600000          1.1995   )         35.0127  
202     (   0.000005 800000          3.9595   )   5.10908  *
203     (   0.000007 900000          5.7995   )   5.37581 
204     (   0.000019 1100000          9.4495   )         10.4858  
205     (   0.0001   6800000          1.9795   )         36.3746  
206     (   0.000008 900000          5.9495   )   5.69175 
207     (   0.000048 5800000          4.1395   )         43.2659  
208     (   0        2300000          2.9595   )         29.2516  
209     (   0.000055   0          3.5795   )    150       
210     (   0.000012   0          4.9595   )    150       
211     (   0        4800000          4.3395   )         60.828   
212     (   0          0          3.7795   )    150       
213     (  -0.0      1800000          4.9595   )          9.37239 
214     (   0.000013 1000000          8.3395   )          9.40607 
215     (   0.000003 800000          3.6795   )   4.84587  *
216     (   0        800000          2.8395   )   4.53188  *
217     (   0        800000          0.3195   )   7.93836 
218     (   0        3400000          0        )         66.1754  
219     (   0        700000          1.1895   )   6.29269 
220     (   0.000005 900000          4.6495   )   3.84608  *
221     (   0.000019 1200000         10.0795   )          9.80284 
222     (   0        2900000          9.5695   )          7.6144  
223     (   0.000001 900000          3.4895   )   3.52907  *
224     (   0        900000          3.2495   )   3.6477  
225     (   0        900000          0.0095   )  10.3825  
226     (   0.0001   2900000          7.2995   )          6.89946 
227     (   0.000004 1000000          4.7495   )          2.65286  *
228     (   0.000005 1100000          5.7095   )          2.05629  *
229     (   0.000011 1400000          8.5895   )          1.71071  *
230     (   0.000027 2300000         17.2295   )         17.1337  
231     (   0        4500000          9.8695   )         24.852   
232     (   0.000011 1400000          8.6095   )          1.76593 
233     (   0.000111 5000000          7.0995   )         16.3054  
234     (   0.000091   0         27.0995   )    150       
235     (   0          0         10.0795   )    150       
236     (   0        6400000          0        )         95.9282  
237     (   0.000049   0          0        )    150       
238     (   0        4500000         28.5895   )         46.3754  
239     (   0.000111 2800000          0        )         24.5871  
240     (   0.000018 1700000         11.7795   )          4.94728 

BBE ( SOL ) OBJ
241     (   0.000005 1100000          5.5595   )          1.99432 
242     (   0          0         11.8895   )    150       
243     (   0.000061 400000          6.4595   )  46.4537  
244     (   0        1000000          0        )         12.5528  
245     (   0.000027 1800000         18.5895   )         34.75    
246     (   0.000032 3400000          5.2895   )         25.0461  
247     (   0        2400000         10.7195   )          0.987526 *
248     (   0        5400000         17.1095   )          7.70269 
249     (   0.000195 5900000          0        )         23.6571  
Reached stop criterion: Max number of blackbox evaluations (Eval Global) 250
250     (   0.00001  2400000         13.0495   )          1.469   
A termination criterion is reached: Max number of blackbox evaluations (Eval Global) No more points to evaluate 250

Best feasible solution:     #14299 ( 0 2.4e+06 10.7195 )        Evaluation OK    f =   0.9875260000000000149     h =   0                     

Best infeasible solution:   Undefined.

Blackbox evaluations:        250
Total model evaluations:     13626
Cache hits:                  16
Total number of evaluations: 266

real    55m53.414s
user    238m36.569s
sys     1m30.599s





audrey@Plateau:~/work/lethe/lethe/examples/rpt/parameters_tuning$ time /home/audrey/work/NOMAD/build/release/bin/nomad param_nomad.txt
BBE ( SOL ) OBJ
1       (   0        2400000         10.7195   )          0.996374 *
2       (   0        2200000         10.7195   )          0.327319 *
3       (   1        2200000          9.7195   )        149.674   
4       (   0        2600000         11.7195   )          1.04685 
5       (   1        2600000         10.7195   )        149.674   
6       (   0        2500000          9.7195   )          3.22001 
7       (   1        2300000         11.7195   )        149.674   
8       (   0        1600000         10.7195   )          2.68979 
9       (  -0.0      2200000         11.7195   )          0.592542
10      (   0        2300000         12.7195   )          1.42672 
11      (   0        2300000         11.7195   )          0.514166
12      (   0        2300000         10.7195   )          0.597642
13      (   0        1700000         10.7195   )          1.66497 
14      (   0        2400000          9.7195   )          2.41296 
15      (   0        2000000         11.7195   )          1.25925 
16      (   1        2100000         10.7195   )        149.674   
17      (   0        2700000         10.7195   )          2.77149 
18      (  -0.0      2000000         10.3095   )          0.121356 *
19      (   0        1400000          9.3095   )          2.28172 
20      (   0        2100000         10.3095   )          0.242387
21      (  -0.0      2800000         11.3095   )          2.45327 
22      (  -0.0      1800000         10.3095   )          0.479539
23      (  -0.0      1900000         11.3095   )          1.19034 
24      (  -0.0      2100000          9.3095   )          1.03669 
25      (   1.0      2000000         10.3095   )        149.674   
26      (  -0.0      2500000         10.3095   )          2.0777  
27      (  -0.0      1500000         10.3095   )          3.03665 
28      (   0        1400000          9.0795   )          1.88752 
29      (  -0.0      2000000         10.3595   )          0.132186
30      (   0        2300000         10.3395   )          0.889781
31      (  -0.0      1900000         10.3195   )          0.202874
32      (   0        2200000         10.5895   )          0.373007
33      (   0        2100000          9.8095   )          0.516531
34      (   0.13     1800000         10.0295   )        147.538   
35      (   0.29     1900000         10.8095   )        148.884   
36      (   0.5      2100000         10.1195   )        149.349   
37      (   0        1900000         10.4995   )          0.306342
38      (   0.05     2200000         10.5895   )        143.797   
39      (   0        1800000         10.3495   )          0.526602
40      (  -0.0      2000000         10.3195   )          0.127087

BBE ( SOL ) OBJ
41      (  -0.0      2100000         10.1095   )          0.314688
42      (  -0.0      1900000         10.5095   )          0.314426
43      (  -0.0      1900000         10.1395   )          0.124733
44      (   0.2      2000000         10.3095   )        148.387   
45      (  -0.0      2100000         10.4795   )          0.20162 
46      (  -0.0      1945000         10.1095   )          0.095902 *
47      (  -0.0      1745000          9.5095   )          0.13701 
48      (  -0.0      1845000          9.8095   )          0.084256 *
49      (  -0.0      1545000          8.9095   )          0.509491
50      (   0.29     2245000          8.9095   )        148.882   
51      (   0        1845000          9.8295   )          0.090468
52      (  -0.0      1645000          9.8095   )          0.759849
53      (  -0.0      2045000          9.8095   )          0.321079
54      (   0        1845000          9.3095   )          0.103519
55      (   0        1845000         10.2695   )          0.29719 
56      (   0.18     1845000         10.3095   )        148.212   
57      (   0.2      1845000          9.3495   )        148.387   
58      (   0.02     2045000          9.5095   )        135.523   
59      (   0        1945000         10.5195   )          0.227323
60      (  -0.0      1845000          9.6095   )          0.065012 *
61      (  -0        1845000          9.0095   )          0.236761
62      (  -0.0      1645000          9.0095   )          0.183852
63      (   0.0      1745000          9.3895   )          0.103007
64      (  -0.0      1945000          9.9295   )          0.091895
65      (   0.2      1945000          9.9795   )        148.387   
66      (   0.2      1845000          9.2195   )        148.387   
67      (   0.04     1745000         10.0595   )        142.367   
68      (   0        1745000          9.2395   )          0.082212
69      (   0        1945000          9.1595   )          0.445776
70      (   0        1845000          9.9995   )          0.150656
71      (  -0.0      1769000          9.2195   )          0.07032 
72      (   0.0      1728000          8.8995   )          0.103494
73      (  -0.0      1816000          9.5795   )          0.07185 
74      (   0.06     1870000          9.4095   )        144.784   
75      (   0.1      1814000          9.6795   )        146.818   
76      (   0        1876000          9.5395   )          0.085115
77      (   0        1795000          9.4595   )          0.068897
78      (   0.04     1895000          9.7595   )        142.345   
79      (   0        1820000          9.8095   )          0.117728
80      (  -0.0      1876000          9.7195   )          0.069699

BBE ( SOL ) OBJ
81      (   0.0      1908000          9.9695   )          0.085219
82      (  -0.0      1804000          9.4095   )          0.061922 *
83      (   0        1681000          8.8095   )          0.111745
84      (   0.2      1745000          9.0095   )        148.387   
85      (   0.0      1753000          9.2695   )          0.077177
86      (   0.07     1845000          9.2095   )        145.501   
87      (   0        1763000          9.6095   )          0.143274
88      (   0.07     1836000          9.6095   )        145.504   
89      (   0        1772000          9.2095   )          0.073584
90      (   0.1      1757000          9.3895   )        146.817   
91      (   0        1851000          9.4295   )          0.084965
92      (  -0.0      1836000          9.2095   )          0.121652
93      (   0        1800000          9.3795   )          0.066323
94      (   0        1796000          9.5095   )          0.074612
95      (   0        1824000          9.4395   )          0.066745
96      (   0.05     1808000          9.4395   )        143.797   
97      (   0.0104   1812000          9.3095   )        124.849   
98      (   0.0148   1784000          9.3795   )        131.266   
99      (   0.0024   1824000          9.5095   )         82.1221  
100     (  -0.0      1809000          9.4928   )          0.067304
101     (  -0.0      1820000          9.4528   )          0.065588
102     (   0        1811000          9.4595   )          0.064994
103     (   0        1798000          9.4253   )          0.066521
104     (   0        1814000          9.3698   )          0.068804
105     (   0.0023   1797000          9.3595   )         80.5341  
106     (   0.0175   1794000          9.4492   )        133.79    
107     (   0.02     1810000          9.3937   )        135.574   
108     (  -0.0      1814000          9.4492   )          0.06308 
109     (  -0.0      1799330          9.426    )          0.064878
110     (   0.004    1799800          9.4295   )         99.6791  
111     (   0.0013   1809000          9.4252   )         59.6952  
112     (   0        1803460          9.4156   )          0.063906
113     (   0.01     1804540          9.4034   )        124.072   
114     (   0        1808200          9.3895   )          0.064697
115     (   0        1799000          9.3938   )          0.064345
116     (   0        1803730          9.4126   )          0.062733
117     (  -0.0      1811030          9.4319   )          0.063052
118     (   0        1803660          9.3995   )          0.066263
119     (   0        1806000          9.4085   )          0.066076
120     (   0.004018 1802000          9.4105   )         99.7998  

BBE ( SOL ) OBJ
121     (   0        1802440          9.4116   )          0.066186
122     (   0.005    1805560          9.4074   )        106.55    
123     (   0.00041  1804340          9.4195   )         24.3157  
124     (   0.000099 1802440          9.3995   )          4.41261 
125     (   0        1809050          9.4204   )          0.061384 *
126     (   0        1811840.0        9.4228   )          0.066313
127     (  -0        1824200          9.4531   )          0.062922
128     (  -0.0      1811840.0        9.4305   )          0.064245
129     (  -0.0      1786990          9.3752   )          0.067048
130     (  -0.0      1814900          9.4336   )          0.063763
131     (   0        1807050          9.4204   )          0.064308
132     (   0        1809070          9.4261   )          0.064219
133     (   0        1809060          9.4104   )          0.064626
134     (   0.00002  1811050          9.4204   )          0.336678
135     (   0.002    1809030          9.4147   )         75.4359  
136     (   0.00114  1809040          9.4304   )         55.0131  
137     (   0        1811050          9.4304   )          0.067378
138     (   0.0      1800160          9.396433 )          0.06635 
139     (  -0.0      1808310          9.423033 )          0.064092
140     (   0        1809390          9.423695 )          0.065437
141     (   0.00037  1808190          9.4254   )         21.9573  
142     (   0        1809910          9.4154   )          0.065456
143     (   0.000726 1810050          9.423354 )         39.9173  
144     (   0.001    1808710          9.417105 )         50.4269  
145     (   0        1808050          9.417446 )          0.065531
146     (  -0.0      1808821.4        9.423695 )          0.063321
147     (  -0.0      1810957.6        9.42763  )          0.06321 
148     (   0        1808855.2        9.4224   )          0.060829 *
149     (   0.000087 1809244.8        9.4184   )          3.58946 
150     (   0.000124 1808550          9.419707 )          6.00916 
151     (   0        1809550          9.421093 )          0.060864
152     (   0        1808967.1        9.419925 )          0.060874
153     (   0.0005   1809132.9        9.420875 )         29.1986  
154     (   0        1808275.2        9.4284   )          0.065249
155     (  -0.0      1808215.2        9.4154   )          0.063106
156     (   0.0      1814245.2        9.432779 )          0.06478 
157     (  -0.0      1806565.2        9.41532  )          0.06321 
158     (   0        1809855.2        9.42487  )          0.066028
159     (   0        1808245.2        9.423883 )          0.066039
160     (   0.00023  1807855.2        9.41993  )         13.1256  

BBE ( SOL ) OBJ
161     (   0.000233 1808575.2        9.4274   )         13.3539  
162     (   0.0005   1809465.2        9.420917 )         29.1995  
163     (   0        1809135.2        9.4174   )          0.066171
164     (   0        1808270.8        9.4284   )          0.06471 
165     (  -0.0      1809855.2        9.4184   )          0.065859
166     (   0.0      1807218.2        9.410379 )          0.063766
167     (  -0.0      1810077.1        9.42652  )          0.06597 
168     (   0.0002   1809018.5        9.423284 )         11.1258  
169     (   0        1808691.9        9.421516 )          0.065671
170     (   0        1809355.2        9.423061 )          0.063317
171     (   0.000095 1808355.2        9.421739 )          4.09664 
172     (   0.000058 1809088.8        9.4204   )          1.93862 
173     (   0        1808621.6        9.4244   )          0.063276
174     (   0        1808848          9.4204   )          0.06651 
175     (   0.0      1810033.0        9.426879 )          0.064022
176     (  -0.0      1808669.6        9.41827  )          0.063666
177     (   0        1808722.3        9.4234   )          0.06544 
178     (   0.00004  1808988.1        9.4214   )          1.07598 
179     (   0        1809055.2        9.422797 )          0.065454
180     (   0.0001   1808935.4        9.423067 )          4.45051 
181     (   0        1808775          9.421733 )          0.065473
182     (   0.000067 1808655.2        9.422003 )          2.42844 
183     (  -0.0      1808983.4        9.4234   )          0.066126
184     (   0.0      1809426.8        9.418584 )          0.065037
185     (  -0.0      1808972.7        9.422417 )          0.062139
186     (   0        1808808.4        9.4229   )          0.064049
187     (   0        1808863.1        9.422375 )          0.064058
188     (   0.000003 1808955.2        9.422636 )          0.065876
189     (   0.00005  1808847.3        9.422425 )          1.53868 
190     (   0.000004 1808902          9.4219   )          0.073174
191     (   0        1808755.2        9.422164 )          0.064061
192     (  -0.0      1808755.2        9.422636 )          0.063799
193     (   0.0      1809011.0        9.423038 )          0.06458 
194     (  -0.0      1808819.15       9.422737 )          0.063797
195     (   0        1808905.2        9.422409 )          0.06392 
196     (   0.000019 1808892.361      9.4226   )          0.32209 
197     (   0.000012 1808883.02       9.4222   )          0.172308
198     (   0.000017 1808805.2        9.422391 )          0.260994
199     (   0        1808818.039      9.4222   )          0.063924
200     (   0        1808827.38       9.4226   )          0.063918

BBE ( SOL ) OBJ
201     (  -0.0      1808818.039      9.422408 )          0.06522 
202     (   0.0      1809009.5        9.4224   )          0.065185
203     (  -0.0      1808818.775      9.422577 )          0.062213
204     (   0.00001  1808851.336      9.422358 )          0.134027
205     (   0        1808859.064      9.422442 )          0.067508
206     (   0.000004 1808849.527      9.4225   )          0.072204
207     (   0        1808835.2        9.422382 )          0.067509
208     (   0.000003 1808875.2        9.422418 )          0.068621
209     (   0        1808860.873      9.4223   )          0.067511
210     (   0.000009 1808875.2        9.4225   )          0.114956
211     (  -0.0      1808834.703      9.422543 )          0.063276
212     (   0.000005 1808859.631      9.422398 )          0.078595
213     (   0        1808859.107      9.42235  )          0.064247
214     (   0        1808850.769      9.422402 )          0.064246
215     (   0.000002 1808845.2        9.422376 )          0.062869
216     (   0        1808865.2        9.422424 )          0.0627  
217     (   0.000001 1808851.293      9.42245  )          0.063512
218     (   0.000002 1808854.781091   9.42239  )          0.065844
219     (   0.000001 1808875.697      9.422257 )          0.061542
220     (   0        1808885.531333   9.422345 )          0.064284
221     (   0.000001 1808855.282833   9.422368 )          0.064302
222     (   0.000001 1808851.21315    9.42242  )          0.06387 
223     (   0.000002 1808860.2        9.422406 )          0.064639
224     (   0        1808859.18685    9.42238  )          0.064608
225     (   0        1808850.2        9.422394 )          0.064608
226     (   0.000002 1808852.24244    9.42238  )          0.064861
227     (   0        1808858.15756    9.42242  )          0.064607
228     (  -0.0      1808852.390535   9.422399 )          0.06671 
229     (   0.0      1808859.107      9.42235  )          0.066237
230     (   0.000001 1808853.2465     9.422425 )          0.064005
231     (   0.000001 1808853.2        9.422407 )          0.061844
232     (   0.000001 1808856.48855    9.422398 )          0.061825
233     (   0        1808856.26362    9.42241  )          0.062622
234     (   0        1808853.91145    9.422402 )          0.062622
235     (   0.0      1808854.13638    9.42239  )          0.062357
236     (   0        1808857.2        9.422393 )          0.062623
237     (   0.000001 1808854.538286   9.422405 )          0.061608
238     (   0.000001 1808857.617891   9.422396 )          0.062658
239     (   0.000001 1808854.304473   9.422404 )          0.066221
240     (   0.0      1808854.45       9.422397 )          0.066405

BBE ( SOL ) OBJ
241     (   0        1808854.21919    9.422405 )          0.067039
242     (   0        1808854.52119    9.422396 )          0.067039
243     (   0        1808855.95       9.422403 )          0.067039
244     (   0.0      1808856.18081    9.422395 )          0.067002
245     (   0.0      1808855.87881    9.422404 )          0.066404
246     (   0        1808855.23558    9.4224   )          0.062778
247     (   0        1808855.518453   9.422402 )          0.064376
248     (   0        1808854.7        9.422401 )          0.064376
249     (   0.0      1808855.182487   9.4224   )          0.064043
Reached stop criterion: Max number of blackbox evaluations (Eval Global) 250
250     (   0.0      1808855.7        9.422399 )          0.064348
251     (   0        1808855.217513   9.4224   )          0.064376
252     (   0.0      1808854.881547   9.422398 )          0.064361
A termination criterion is reached: Max number of blackbox evaluations (Eval Global) No more points to evaluate 252

Best feasible solution:     #7577 ( 0 1.80886e+06 9.4224 )      Evaluation OK    f =   0.06082909999999999706    h =   0                     

Best infeasible solution:   Undefined.

Blackbox evaluations:        252
Total model evaluations:     10944
Cache hits:                  27
Total number of evaluations: 279

real    39m2.381s
user    157m47.993s
sys     1m10.011s

