audrey@Plateau:~/work/lethe/lethe/examples/rpt/parameters_tuning$ time /home/audrey/work/NOMAD/build/release/bin/nomad param_nomad.txt
BBE ( SOL ) OBJ
1       (   0.0001   1000000         15        )         49.3506   *
2       (   0.00011  1000000         17        )         60.854   
3       (   0.00009  1000000         13        )         37.4771   *
4       (   0.00011  1100000         14        )         39.6436  
5       (   0.00009  1100000         17        )         54.9557  
6       (   0.00009  900000         16        )  59.633   
7       (   0.00011  900000         13        )  44.0727  
8       (   0.00006  1000000          7        )          9.12711  *
9       (   0        1000000          0        )         12.3441  
10      (   0.00011  1100000          0        )         11.6687  
11      (   0.00002  1100000          0        )         13.3748  
12      (   0.00004  1100000          0        )         12.4778  
13      (   0.00007  1000000          5        )          6.48564  *
14      (   0.00009  900000          7.0      )  14.4798  
15      (   0.00016  1100000          8        )         16.4196  
16      (   0.00004  1000000          2        )          6.40945  *
17      (  -0        900000          9        )  15.0552  
18      (   0.00008  1100000          2        )          7.75265 
19      (   0.00007  1100000          0        )         11.7622  
20      (   0.00006  1000000          5        )          5.84294  *
21      (   0.00003  900000          6        )   7.3677  
22      (   0.00005  1000000          5        )          5.22025  *
23      (   0.00002  1000000          5        )          3.45256  *
24      (   0        1000000          5        )          2.37104  *
25      (  -0.0      1000000          5        )          2.36625  *
26      (   0        1100000          5        )          1.81901  *
27      (  -0        1400000          5        )          3.30128 
28      (   0        1300000          9        )          3.10828 
29      (  -0.0      800000          1        )   6.30728 
30      (  -0.0      1200000          7        )          1.47936  *
31      (  -0.0      1500000         13        )         12.308   
32      (   0        1200000          6        )          1.18666  *
33      (   0.0      1200000          3        )          6.00596 
34      (   0.0      1300000          7        )          0.76636  *
35      (  -0        1500000          8        )          0.250624 *
36      (   0        2100000         11        )          0.263929
37      (   0.00016  2100000          9        )          6.12473 
38      (   0.0      1400000          7        )          0.545622
39      (   0        2500000         19        )         21.4834  
40      (  -0        900000         28        ) 104.404   

BBE ( SOL ) OBJ
41      (   0.0002   1500000          8        )         12.0639  
42      (  -0        500000          0        )  10.2177  
43      (   0        2100000          0        )         41.2525  
44      (   0        1300000          8        )          1.43726 
45      (  -0.0      2000000         10        )          0.100313 *
46      (   0        2400000         12.0      )          0.639626
47      (   0        3500000         16        )          3.93588 
48      (   0.0002   3500000          6        )         10.7848  
49      (  -0.0      2300000         12        )          0.682888
50      (  -0.0      1600000          8        )          0.22169 
51      (   0        2400000         12        )          0.645199
52      (   0.0001   1600000          8        )          4.56056 
53      (   0.00004  3000000         10        )          2.862   
54      (   0        2000000          0        )         38.8804  
55      (   0.00001  2000000         30        )         82.8069  
56      (   0        1000000         10        )         15.0642  
57      (   0.0001   3000000         15        )          6.03001 
58      (  -0.0      1300000          6        )          1.11186 
59      (  -0.0      1900000         10        )          0.05768  *
60      (  -0        1600000         10        )          1.34391 
61      (   0.0001   3500000         13        )          1.34028 
62      (  -0.0      2200000         11        )          0.275975
63      (  -0.0      1700000          9        )          0.043446 *
64      (  -0.0      1100000          6        )          1.78534 
65      (  -0.0      2100000         11        )          0.266168
66      (   0.00004    0         17        )    150       
67      (   0.00002  3700000         17        )          4.08275 
68      (   0.00005  2200000          0        )         28.7214  
69      (   0          0          1        )    150       
70      (   0        3700000          1        )         65.2752  
71      (   0        1200000         18        )         50.17    
72      (   0.00002  2200000          9        )          1.14384 
73      (   0        1100000          7        )          2.73966 
74      (   0.00002  700000          6        )  14.6776  
75      (  -0.0      1100000         14        )         31.6759  
76      (   0        2700000         12        )          1.22336 
77      (  -0.0      2300000          4        )         23.3827  
78      (   0.00002  2300000         11        )          0.026662 *
79      (   0.00008  4100000         17        )          3.78662 
80      (   0.00009  2400000          9        )          2.2705  

BBE ( SOL ) OBJ
81      (   0.00001  1900000         10        )          0.092367
82      (  -0        2000000         10        )          0.100048
83      (   0.00007  1700000          8        )          2.36057 
84      (  -0.0      2200000          1        )         37.9664  
85      (   0.00004  2400000         21        )         35.4507  
87      (   0.00003  4300000         10        )         13.0798  
87      (   0        2900000         14        )          1.94836 
88      (   0.00001  300000         12        )  90.3641  
89      (   0.00006  3900000         14        )          0.386521
90      (   0.00001  2500000         16        )          8.65629 
91      (   0.00002  3300000         10        )          6.65834 
92      (   0.00002  1300000         12        )         14.8588  
93      (   0.00003  2100000          6        )          6.98189 
94      (  -0.0      2300000          9        )          2.97314 
95      (   0.00004  2300000         13        )          2.89676 
96      (   0.00004  3300000         14        )          0.515129
97      (   0.00002  2400000          9        )          2.31568 
98      (   0.00002  1800000         11        )          2.08422 
99      (   0.00002  2200000         13        )          2.81703 
100     (   0.00003  2600000         12        )          0.127578
101     (   0.00001  2000000         10        )          0.001195 *
102     (   0.00002  2800000         11        )          1.18104 
103     (   0.00005  2100000          8        )          1.90739 
104     (   0.00001  2200000         11        )          0.088614
105     (  -0.0      1300000          5        )          2.40751 
106     (   0        3000000          9        )         10.7375  
107     (   0        1300000         15        )         28.8654  
108     (   0.00003  2700000          5        )         18.2029  
109     (   0.00003  1000000         11        )         22.3126  
110     (   0.00002  2700000         15        )          4.03779 
111     (   0.00001  2200000         11        )          0.088474
112     (   0.00001  1900000         10        )          0.092308
113     (   0.00001  2100000         11        )          0.204447
114     (   0.00001  1500000         10        )          2.88928 
115     (   0.00001  2000000         12        )          1.95723 
116     (   0.00001  2500000         10        )          1.70213 
117     (   0.00002  2000000         10        )          0.083354
118     (   0.00001  2000000          8        )          1.92144 
119     (   0.00002  2300000         11        )          0.027115
120     (   0.000033 2500000         11        )          0.109979

BBE ( SOL ) OBJ
121     (   0.000008 2100000         10        )          0.109394
122     (   0.000014 2200000         10        )          0.224648
123     (   0.000006 1800000         10        )          0.302298
124     (   0.000015 1900000          9        )          0.192804
125     (   0.000008 2200000          9        )          1.62441 
126     (   0.000005 2100000         11        )          0.210985
127     (   0.000012 1800000         11        )          1.75664 
128     (   0.000012 2100000          9.56     )          0.294034
129     (   0.000033 2500000         11.33     )          0.073555
130     (   0.000008 2100000         10.33     )          0.032262
131     (   0.000012 2100000         10.24     )          0.010181
132     (   0.00001  1900000         10.5      )          0.412415
133     (   0.00001  2100000          9.5      )          0.382359
134     (   0.000012 1900000          9.63     )          0.032565
135     (   0.000008 2100000         10.37     )          0.029841
136     (   0.000008 1900000          9.76     )          0.015589
137     (   0.00001  1972000          9.63     )          0.034794
138     (   0.000012 2033000         10.08     )          0.001663
139     (   0.000014 1989000          9.84     )          0.018947
140     (   0.000013 2017000          9.98     )          0.004678
141     (   0.000011 1933000          9.8      )          0.016648
142     (   0.000012 2058000         10.13     )          0.003446
143     (   0.000009 2044000         10.16     )          0.005489
144     (   0.000012 2024000         10.03     )          0.002386
145     (   0.000011 1980000          9.94     )          0.003603
146     (   0.000012 2039000         10.08     )          0.002039
147     (   0.00001  2024000         10.08     )          0.001425
148     (   0.00001  1999000         10.03     )          0.001502
149     (   0.000008 1982000          9.99     )          0.002521
150     (   0.000011 2020000         10.06     )          0.00111  *
151     (   0.000011 2030000         10.06     )          0.001916
152     (   0.00001  2007000         10.04     )          0.001038 *
153     (   0.00001  1994000          9.99     )          0.001452
154     (   0.00001  2017000         10.06     )          0.001271
155     (   0.00001  2001000         10.01     )          0.001162
156     (   0.000011 2019000         10.07     )          0.0014  
157     (   0.00001  2005000         10.02     )          0.001009 *
158     (   0.00001  2020000         10.07     )          0.001454
159     (   0.00001  2006000         10.03     )          0.001425
160     (   0.000011 1999000          9.96     )          0.001541

BBE ( SOL ) OBJ
161     (   0.00001  2002000         10.04     )          0.001761
162     (   0.000011 1972000         10.22     )          0.065916
163     (   0.000011 2055000         10.12     )          0.005482
164     (   0.000008 2006000         10.14     )          0.007283
165     (   0.00001  1955000          9.92     )          0.006951
166     (   0.000009 2038000          9.82     )          0.062362
167     (   0.000012 2004000          9.9      )          0.007016
168     (   0.00001  1991000          9.97     )          0.001251
169     (   0.000011 2025000         10.01     )          0.003867
170     (   0.00001  2012000         10.12     )          0.004256
171     (   0.000011 1998000          9.92     )          0.003341
172     (   0.000009 2015000          9.96     )          0.009064
173     (   0.00001  1985000         10.03     )          0.004677
174     (   0.000011 1995000         10.08     )          0.009982
175     (   0.000011 2007000         10.0165   )          0.001239
176     (   0.00001  2020000         10.07     )          0.001639
177     (   0.00001  2006000         10.025    )          0.001131
178     (   0.00001  2015000         10.055    )          0.001314
179     (   0.00001  2008000         10.0325   )          0.001068
180     (   0.000009 1993000         10.0017   )          0.001362
181     (   0.000011 2013000         10.0454   )          0.001541
182     (   0.00001  2015000         10.0005   )          0.003403
183     (   0.00001  2003000         10.07     )          0.002641
184     (   0.000011 2015000         10.0656   )          0.001272
185     (   0.000011 2007000          9.97     )          0.002241
186     (   0.00001  1995000          9.9744   )          0.00121 
187     (   0.000011 1995000         10.0395   )          0.003799
188     (   0.00001  1995000         10.055    )          0.003691
189     (   0.000009 1993330         10.0017   )          0.001251
190     (   0.000011 2013330         10.0454   )          0.001076
191     (   0.00001  2000000         10.0163   )          0.001129
192     (   0.00001  2010000         10.0381   )          0.001095
193     (   0.00001  2000000         10.0143   )          0.001144
194     (   0.00001  2002380         10.0235   )          0.001343
195     (   0.00001  2004200         10.04     )          0.001369
196     (   0.00001  2007620         10.0165   )          0.001118
197     (   0.00001  2010000         10.0257   )          0.001057
198     (   0.00001  2005800         10        )          0.001149
199     (   0.00001  2001000         10.0      )          0.001385
200     (   0.00001  2006670         10.0246   )          0.001227

BBE ( SOL ) OBJ
201     (   0.00001  2007670         10.0305   )          0.00101 
202     (   0.00001  2003110         10.0346   )          0.001259
203     (   0.00001  2008280         10.0279   )          0.001122
204     (   0.00001  2005600         10.01     )          0.000976 *
205     (   0.00001  2004400         10.03     )          0.001078
206     (   0.00001  2005150         10.021    )          0.000984
207     (   0.00001  2004850         10.019    )          0.000942 *
208     (   0.00001  2003000         10.0171   )          0.001004
209     (   0.00001  2007000         10.0229   )          0.000942
210     (   0.00001  2004400         10.016    )          0.001457
211     (   0.00001  2008280         10.0107   )          0.001131
212     (   0.00001  2006480         10.0136   )          0.001401
213     (   0.00001  2005480         10.0192   )          0.001403
214     (   0.00001  2004590         10.0179   )          0.001183
215     (   0.00001  2005110         10.0201   )          0.001208
216     (   0.00001  2006850         10.0173   )          0.001159
217     (   0.00001  2004550         10.009    )          0.001152
218     (   0.00001  2005150         10.029    )          0.001247
219     (   0.00001  2002850         10.0207   )          0.001241
220     (   0.00001  2003470         10.009    )          0.001033
221     (   0.00001  2005480         10.01915  )          0.000964
222     (   0.00001  2005950         10.0307   )          0.001131
223     (   0.00001  2005690         10.015175 )          0.001116
224     (   0.00001  2004800         10.020417 )          0.001111
225     (   0.00001  2003850         10.020305 )          0.001103
226     (   0.00001  2005850         10.017695 )          0.001165
227     (   0.00001  2005140         10.024    )          0.001114
228     (   0.00001  2004560         10.014    )          0.001142
229     (   0.00001  2004900         10.017583 )          0.001158
230     (   0.00001  2003928.6       10.019752 )          0.001051
231     (   0.00001  2005953.3       10.0307   )          0.001401
232     (   0.00001  2005688.3       10.015175 )          0.000864 *
233     (   0.00001  2006212.2       10.0189   )          0.000954
234     (   0.00001  2006029.1       10.018962 )          0.001049
235     (   0.00001  2008198.3       10.0037   )          0.001176
236     (   0.00001  2003848.3       10.009    )          0.001146
237     (   0.00001  2005478.3       10.01915  )          0.001017
238     (   0.00001  2006028.3       10.018962 )          0.000994
239     (   0.00001  2004688.3       10.015249 )          0.000809 *
240     (   0.00001  2005768.3       10.014781 )          0.000822

BBE ( SOL ) OBJ
241     (   0.00001  2005608.3       10.015569 )          0.000834
242     (   0.00001  2005668.3       10.010175 )          0.000855
243     (   0.00001  2005708.3       10.020175 )          0.000812
244     (   0.00001  2006688.3       10.015101 )          0.000852
245     (   0.00001  2001688.3       10.015471 )          0.001247
246     (   0.00001  2008278.3       10.023627 )          0.000977
247     (   0.00001  2005168.3       10.017901 )          0.001052
248     (   0.00001  2005498.3       10.016152 )          0.001113
249     (   0.00001  2006628.3       10.020249 )          0.000929
250     (   0.00001  2006688.3       10.01275  )          0.000966
251     (   0.00001  2003798.3       10.01997  )          0.000997
252     (   0.00001  2002688.3       10.017748 )          0.001083
253     (   0.00001  2002748.3       10.010249 )          0.000943
254     (   0.00001  2005578.3       10.010528 )          0.000916
A termination criterion is reached: Max number of blackbox evaluations (Eval Global) No more points to evaluate 254

Best feasible solution:     #18094 ( 1.01992e-05 2.00469e+06 10.0152 )  Evaluation OK    f =   0.00080924999999999997    h =   0                     

Best infeasible solution:   Undefined.

Blackbox evaluations:        254
Total model evaluations:     17185
Cache hits:                  36
Total number of evaluations: 290

real    26m30.486s
user    189m18.550s
sys     0m50.054s

