time /home/audrey/work/NOMAD/build/release/bin/nomad param_nomad.txt
BBE ( SOL ) OBJ
1       (   0.0001   1000000         15        )        196.916    *
2       (   0.00011  1000000         17        )        243.134   
3       (   0.00011  1100000         14        )        158.249    *
4       (   0.00011  900000         13        ) 175.817   
5       (   0.00009  1100000         17        )        219.525   
6       (   0.00009  1000000         13        )        149.596    *
7       (   0.00009  900000         16        ) 238.24    
8       (   0.00006  1000000          7        )         36.5299   *
9       (   0        1000000          0        )         50.3575  
10      (   0.00011  1100000          0        )         47.6158  
11      (   0.00002  1100000          0        )         54.3595  
12      (   0.00004  1100000          0        )         50.848   
13      (   0.00007  1000000          5        )         26.301    *
14      (   0.00009  900000          7.0      )  58.0174  
15      (   0.00016  1100000          8        )         65.7581  
16      (   0.00004  1000000          2        )         26.5537  
17      (  -0        900000          9        )  59.9788  
18      (   0.00008  1100000          2        )         31.7861  
19      (   0.00007  1100000          0        )         48.0049  
20      (   0.00006  1000000          5        )         23.8456   *
21      (   0.00003  900000          6        )  29.6052  
22      (   0.00005  1000000          5        )         21.3721   *
23      (   0.00002  1000000          5        )         14.2348   *
24      (   0        1000000          5        )         10.0214   *
25      (  -0.0      1000000          5        )          9.97263  *
26      (   0        1100000          6        )          7.47286  *
27      (  -0        1400000          9        )          7.01875  *
28      (   0        2300000         18        )         78.069   
29      (   0        1300000         11        )         36.3825  
30      (   0.00002  1100000          4        )         13.9219  
31      (   0        1900000          0        )        146.157   
32      (   0        1100000          0        )         60.0532  
33      (   0        1600000         20        )        186.152   
34      (  -0        900000         22        ) 336.932   
35      (   0.0002   1200000          0        )         54.8507  
36      (   0.00015  1700000         29        )        367.683   
37      (   0.0002   1700000          6        )         37.3729  
38      (   0        1200000          9        )         19.9419  
39      (   0.00001  1100000          5        )          9.31185 
40      (   0        1400000          0        )         92.6362  

BBE ( SOL ) OBJ
41      (   0        1600000         10        )          5.37377  *
42      (   0.0001   1400000          4        )         26.0866  
43      (   0.00005  1400000         19        )        204.356   
44      (   0.00001  1200000          8        )         13.5605  
45      (   0        1400000         14        )         79.2466  
46      (   0        2200000         13        )          9.4976  
47      (   0.0002   2300000         13        )         55.9255  
48      (   0        1600000         12        )         24.8304  
49      (   0.00001  1200000          7        )          8.17771 
50      (   0        1500000         10        )          9.50894 
51      (   0.00001  1300000          8        )          7.98225 
52      (   0        1600000          9        )          1.26577  *
53      (   0.00001  1600000          0        )        105.65    
54      (   0        2100000         10        )          1.50354 
55      (   0        1100000         10        )         44.6477  
56      (   0.0001   1600000         11        )         40.7223  
57      (   0        1600000          6        )         12.9344  
58      (   0        1200000          5        )          8.10914 
59      (   0        2200000         11        )          1.19095  *
60      (   0        2700000         13.0      )          4.80223 
61      (   0        4000000         17        )         19.8937  
62      (   0        4000000         29        )        209.131   
63      (   0        2600000         12        )          3.75739 
64      (   0        2300000         11        )          1.89031 
65      (   0        2100000          0        )        165.776   
66      (   0        2400000         25        )        214.816   
67      (   0.0001   2000000          0        )         80.0581  
68      (   0        1200000         15        )        131.07    
69      (   0.00007  2300000         31        )        336.597   
70      (   0.00001  3200000          7        )         80.42    
71      (   0.0001   3200000         18        )         56.232   
72      (   0.00001  1600000          9        )          2.36983 
73      (   0.00001  1800000         10        )          1.67135 
74      (   0.00001  1900000         10        )          0.520374 *
75      (   0.00001  1700000         10        )          3.75486 
76      (  -0        2000000         10        )          0.577649
77      (   0.00001  2500000         12        )          1.37975 
78      (  -0        1800000         10        )          0.981427
79      (  -0        2100000         11        )          1.11383 
80      (   0.00001  1700000          9        )          1.00923 

BBE ( SOL ) OBJ
81      (   0.00004  1000000          7        )         30.6596  
82      (   0.00007  900000          9        )  82.0937  
83      (   0.00001  1800000         20        )        165.721   
84      (   0.00001  2000000          0        )        142.308   
85      (   0.00011  2400000         10        )         11.4733  
86      (   0        1400000         10        )         15.2059  
87      (   0        2900000         11        )         14.7309  
88      (   0.00011  2900000         13        )         13.4906  
89      (   0        2400000         10        )          7.64703 
90      (   0.00003  1900000         15        )         56.989   
91      (   0.00004  1400000         10        )         25.7327  
92      (   0.00006  2200000          8        )         10.0223  
93      (   0        1900000          5        )         43.9464  
94      (   0.00001  2000000         10        )          0.203996 *
95      (   0.00001  2300000         10        )          3.0151  
96      (   0.00001  2100000         11        )          0.901634
97      (  -0        1800000          9        )          0.600873
98      (  -0        1900000         10        )          0.360276
99      (   0        1700000         10        )          2.60446 
100     (   0.00001  1800000         12        )         15.3215  
101     (   0.00001  2200000          8        )         14.9908  
102     (   0.00002  1500000          9        )          6.94682 
103     (   0.00003  2300000         10        )          1.55785 
104     (   0.0      2500000         11        )          4.72253 
105     (   0.00003  2400000         11        )          0.431501
106     (   0.00002  2300000         11        )          0.275109
107     (   0.00002  2000000         10        )          0.537969
108     (   0.00001  2200000         10        )          1.54602 
109     (   0.00001  1900000          9        )          1.10582 
110     (   0.00001  2300000         10        )          3.01788 
111     (   0.000019 2200000         10.64     )          0.238607
112     (   0.000033 2400000         11.09     )          0.540192
113     (   0.000008 2000000         10.27     )          0.277058
114     (   0.000024 2300000         10.82     )          0.313233
115     (   0.000012 2100000         10.41     )          0.197698 *
116     (   0.000007 1900000          9.7      )          0.227118
117     (   0.000001 1800000          9.43     )          0.262033
118     (   0.000015 2100000         10.34     )          0.207326
119     (   0.000017 2200000         10.8      )          0.259486
120     (   0.00001  2000000          9.98     )          0.20623 

BBE ( SOL ) OBJ
121     (   0.000007 2000000          9.92     )          0.257343
122     (   0.000013 2100000         10.24     )          0.245606
123     (   0.000022 2400000         11.41     )          0.384152
124     (   0.000002 2000000         10.41     )          0.466496
125     (   0.000022 2300000         11.41     )          0.77894 
126     (   0.000022 2000000          9.41     )          0.97714 
127     (   0.000002 2200000         11.41     )          1.4378  
128     (   0.000002 1900000          9.41     )          0.514587
129     (   0.000012 1900000         11.41     )          6.68099 
130     (   0.000012 2300000          9.41     )          5.73749 
131     (   0.000019 2400000         11.64     )          0.62166 
132     (   0.000012 2100000         10.2      )          0.275993
133     (   0.000012 2200000          9.91     )          1.62659 
134     (   0.000014 2000000         10.04     )          0.291508
135     (   0.000017 2100000         10.46     )          0.319261
136     (   0.000007 2100000         10.36     )          0.324196
137     (   0.000013 2000000         10.91     )          1.90752 
138     (   0.00001  2200000         10.78     )          0.351802
139     (   0.000012 2000000         10.68     )          1.12132 
140     (   0.000007 1967000          9.92     )          0.203091
141     (   0.00001  2045000         10.24     )          0.208587
142     (   0.00001  2011000         10.05     )          0.200496
143     (   0.000009 2052000         10.25     )          0.210423
144     (   0.00001  2013000         10.06     )          0.202177
145     (   0.000012 2098000         10.21     )          0.25084 
146     (   0.000013 2050000         10.4      )          0.312492
147     (   0.000011 2150000         10.42     )          0.298136
148     (   0.000014 2130000         10.38     )          0.211155
149     (   0.000013 2102000         10.61     )          0.305348
150     (   0.00001  2070000         10.44     )          0.240968
151     (   0.00001  2130000         10.34     )          0.320266
152     (   0.000014 2116000         10.43     )          0.202198
153     (   0.000012 2079000         10.3      )          0.199414
154     (   0.000013 2114000         10.45     )          0.207985
155     (   0.000011 2038000         10.16     )          0.197438 *
156     (   0.000014 2134000         10.53     )          0.208766
157     (   0.000011 2042000         10.17     )          0.193469 *
158     (   0.00001  2041000         10.19     )          0.197324
159     (   0.000009 1981000          9.94     )          0.197103
160     (   0.000009 2005000         10.04     )          0.185349 *

BBE ( SOL ) OBJ
161     (   0.000008 1988000          9.98     )          0.209174
162     (   0.000009 1978000          9.91     )          0.20223 
163     (   0.00001  2025000         10.12     )          0.194951
164     (   0.000011 2067000         10.28     )          0.202863
165     (   0.000009 2003000         10.03     )          0.19956 
166     (   0.000004 1894000          9.65     )          0.233263
167     (   0.000009 1967000          9.96     )          0.208498
168     (   0.000007 2040000         10.0      )          0.354167
169     (   0.000011 2055000          9.88     )          0.436507
170     (   0.000009 1975000          9.84     )          0.224648
171     (   0.000007 1955000         10.2      )          0.365539
172     (   0.000011 1970000         10.08     )          0.280699
173     (   0.000009 2035000         10.24     )          0.203429
174     (   0.000011 2043000         10.22     )          0.198586
175     (   0.000008 1996000         10.12     )          0.20678 
176     (   0.000009 2021000         10.14     )          0.196541
177     (   0.000009 1989000          9.94     )          0.210452
178     (   0.00001  2014000          9.96     )          0.230833
179     (   0.00001  1985000         10.09     )          0.220887
180     (   0.000008 2025000          9.99     )          0.27152 
181     (   0.000009 1985000         10.0129   )          0.191498
182     (   0.000009 1996000         10.0286   )          0.194151
183     (   0.000009 2003000         10.0515   )          0.203427
184     (   0.000009 2015000         10.0576   )          0.205265
185     (   0.00001  2010000         10.0285   )          0.201082
186     (   0.000009 2007000          9.99     )          0.214876
187     (   0.000008 2000000         10.0515   )          0.197299
188     (   0.000009 2003000         10.09     )          0.195881
189     (   0.000009 1995000         10.0224   )          0.195338
190     (   0.000009 1995000         10.0347   )          0.203209
191     (   0.000008 1965670          9.9343   )          0.200065
192     (   0.000009 2010170         10.0736   )          0.200005
193     (   0.000009 2002920         10.06     )          0.199942
194     (   0.000009 2000000         10.0331   )          0.201437
195     (   0.000009 2010000         10.0469   )          0.205155
196     (   0.000009 2004430         10.0526   )          0.202032
197     (   0.000009 2007080         10.02     )          0.209779
198     (   0.000009 2005570         10.0274   )          0.204454
199     (   0.000009 2004660         10.042    )          0.196453
200     (   0.000009 1994330          9.9707   )          0.198217

BBE ( SOL ) OBJ
201     (   0.000009 2000830         10.0602   )          0.197534
202     (   0.000009 2005170         10.03     )          0.2027  
203     (   0.000009 2007000         10.0407   )          0.202021
204     (   0.000009 2003000         10.0393   )          0.199632
206     (   0.000009 2004710         10.0391   )          0.20006 
206     (   0.000009 2005290         10.0409   )          0.201475
207     (   0.000009 2004830         10.05     )          0.199201
208     (   0.000009 2006070         10.05     )          0.199418
209     (   0.000009 2002160         10.0448   )          0.196293
210     (   0.000009 2007050         10.024333 )          0.198605
211     (   0.000009 2002390         10.051233 )          0.196737
212     (   0.000009 2005490         10.0333   )          0.1998  
213     (   0.000009 2003170         10.04675  )          0.205284
214     (   0.000009 2005160         10.035    )          0.206055
215     (   0.000009 2004480         10.040875 )          0.204501
216     (   0.000009 2004840         10.045    )          0.204479
217     (   0.000009 2004000         10.038584 )          0.204931
218     (   0.000009 2006000         10.041416 )          0.205508
219     (   0.000009 2005520         10.039125 )          0.206005
220     (   0.000009 2005817.1       10.038584 )          0.202567
221     (   0.000009 2003165         10.04675  )          0.195338
222     (   0.000009 2002223.3       10.0457   )          0.198386
223     (   0.000009 2004050.8       10.042925 )          0.195494
224     (   0.000009 2005983.9       10.04165  )          0.207225
225     (   0.000009 2003116         10.044012 )          0.204458
226     (   0.000009 2004500         10.038134 )          0.206089
227     (   0.000009 2004532.9       10.042    )          0.205581
228     (   0.000009 2005467.1       10.038    )          0.206719
229     (   0.000009 2004991.1       10.04009  )          0.2062  
230     (   0.000009 2005008.9       10.03991  )          0.206042
231     (   0.000009 2005500         10.041866 )          0.206153
232     (   0.000009 2005008.9       10.03991  )          0.195864
233     (   0.000009 2004713.1       10.03989  )          0.199205
234     (   0.000009 2004673.3       10.041472 )          0.18465  *
235     (   0.000009 2004140.5       10.043022 )          0.205549
236     (   0.000009 2004791.8       10.040688 )          0.195188
237     (   0.000009 2005592.6       10.038515 )          0.195024
238     (   0.000009 2005385.5       10.039304 )          0.196392
239     (   0.000009 2004940.2       10.040342 )          0.192699
240     (   0.000009 2003693.2       10.04589  )          0.200101

BBE ( SOL ) OBJ
241     (   0.000009 2004963.7       10.045    )          0.194995
242     (   0.000009 2004778.6       10.03621  )          0.203827
243     (   0.000009 2004917.4       10.042802 )          0.199973
244     (   0.000009 2004485.9       10.039608 )          0.191714
245     (   0.000009 2005172.7       10.039472 )          0.192005
246     (   0.000009 2004173.9       10.043472 )          0.190961
247     (   0.000009 2004860.7       10.043336 )          0.191207
248     (   0.000009 2005173.3       10.042512 )          0.191725
249     (   0.000009 2004173.3       10.040432 )          0.191201
Reached stop criterion: Max number of blackbox evaluations (Eval Global) 250
250     (   0.000009 2004485.9       10.041067 )          0.201606
A termination criterion is reached: Max number of blackbox evaluations (Eval Global) 250

Best feasible solution:     #16859 ( 9.01301e-06 2.00467e+06 10.0415 )  Evaluation OK    f =   0.18465000000000000857    h =   0                     

Best infeasible solution:   Undefined.

Blackbox evaluations:        250
Total model evaluations:     16418
Cache hits:                  49
Total number of evaluations: 299

real    25m12.102s
user    182m41.645s
sys     0m41.086s

f1 calculé avec it=1000000 f = 0.19548

