audrey@Plateau:~/work/lethe/lethe/examples/rpt/parameters_tuning$ time /home/audrey/work/NOMAD/build/release/bin/nomad param_nomad.txt
BBE ( SOL ) OBJ
1       (   0.0001   1000000         15        )         49.2066   *
2       (   0.00009  900000         16        )  59.5286  
3       (   0.00011  1000000         17        )         60.7531  
4       (   0.00009  1100000         17        )         54.8503  
5       (   0.00009  1000000         13        )         37.368    *
6       (   0.00011  900000         13        )  43.9596  
7       (   0.00011  1100000         14        )         39.5322  
8       (   0.00006  1000000          7        )          9.12819  *
9       (   0        1000000          0        )         12.5598  
10      (   0.00011  1100000          0        )         11.9165  
11      (   0.00002  1100000          0        )         13.6188  
12      (   0.00004  1100000          0        )         12.7135  
13      (   0.00007  1000000          5        )          6.59251  *
14      (   0.00009  900000          7.0      )  14.4651  
15      (   0.00016  1100000          8        )         16.4344  
16      (   0.00004  1000000          2        )          6.62599 
17      (  -0        900000          9        )  14.9869  
18      (   0.00008  1100000          2        )          7.9625  
19      (   0.00007  1100000          0        )         12.0131  
20      (   0.00006  1000000          5        )          5.96022  *
21      (   0.00003  900000          6        )   7.4028  
22      (   0.00005  1000000          5        )          5.33905  *
23      (   0.00002  1000000          5        )          3.55656  *
24      (   0        1000000          5        )          2.48802  *
25      (  -0.0      1000000          5        )          2.4899  
26      (   0        1100000          2        )          7.65823 
27      (   0.00002  1000000          5        )          3.55301 
28      (   0.00006  900000          7        )  12.2227  
29      (   0.00005  1000000         15        )         45.9684  
30      (   0        1100000          3        )          4.92561 
31      (   0.0002   1000000          2        )         12.9521  
32      (   0        1000000          8        )          7.34287 
33      (   0        1064000          5        )          2.06976  *
34      (   0        1264000          5        )          2.32334 
35      (   0        1264000          6        )          1.19009  *
36      (   0        1864000          9        )          0.295812 *
37      (   0        3664000         18        )          7.55356 
38      (   0        1864000         11        )          0.959408
39      (   0.0      2364000         12        )          0.63316 
40      (   0.00005  1864000         29        )         83.8736  

BBE ( SOL ) OBJ
41      (   0.0001   1964000          0        )         19.7011  
42      (   0.00001  1364000          7        )          0.974731
43      (   0        1864000          0        )         35.6486  
44      (   0        2364000         11        )          0.649839
45      (   0        1764000         19        )         36.2207  
46      (   0.0001   1964000         15        )         18.3638  
47      (   0.0      2564000         10        )          3.14932 
48      (   0.0      2064000         11        )          0.310431
49      (   0.00005  1864000         16        )         21.2025  
50      (   0        1864000         19        )         33.6344  
51      (   0.00004  1864000          0        )         25.8931  
52      (   0        1664000         10        )          0.860169
53      (   0.00001  2064000          8        )          2.55591 
54      (   0        1864000          2        )         24.7366  
55      (   0.00004  2064000          9        )          0.778916
56      (   0.0      1864000         10        )          0.119737 *
57      (  -0        1564000         10.0      )          1.66808 
58      (  -0        1864000         13        )          5.46915 
59      (  -0.0      2064000         10        )          0.274553
60      (  -0.0      1764000          8        )          0.85285 
61      (   0.0      1964000         10        )          0.102583 *
62      (   0        2264000         10        )          1.08294 
63      (   0        2064000         10        )          0.27327 
64      (   0        1964000          3        )         21.7738  
65      (   0.00001  1964000          0        )         34.8348  
66      (   0.00002  1964000         17        )         21.8429  
67      (   0.0      2164000         10        )          0.609836
68      (   0.0      1764000         10        )          0.358818
69      (   0        1964000         20        )         36.6715  
70      (   0.00002  2164000          9        )          1.0803  
71      (   0.00001  1964000         15        )         11.8259  
72      (   0        1964000          5        )         12.1314  
73      (   0        1964000         13        )          4.29283 
74      (   0.00001  1964000          7        )          4.03935 
75      (   0.00001  1864000         10        )          0.210231
76      (   0.000007 1931000         11        )          0.729568
77      (   0.000002 1881000         10        )          0.10077  *
78      (   0.000012 1681000         10        )          1.13563 
79      (   0.000012 1981000         10        )          0.058318 *
80      (   0.000042 2281000         10        )          0.462089

BBE ( SOL ) OBJ
81      (   0.000012 2181000         10        )          0.289991
82      (   0.000012 1981000         11        )          0.605813
83      (   0.000012 1981000         12        )          2.10977 
84      (   0.000022 1781000         10        )          0.8869  
85      (   0.000002 2181000         10        )          0.601567
86      (   0        1881000         10        )          0.102882
87      (   0.000012 1981000          8        )          1.86011 
88      (   0.000032 2081000         10        )          0.280642
89      (   0.000022 2181000         11        )          0.192737
90      (   0        1681000          9        )          0.116763
91      (   0        1781000         10        )          0.300829
92      (   0.000012 2181000         11        )          0.119764
93      (   0.000002 1781000         10        )          0.323644
94      (   0.000022 1981000         11        )          0.878352
95      (   0.000022 2081000         10        )          0.116787
96      (   0.000002 1981000          9        )          0.710068
97      (   0.000012 2081000         11        )          0.276684
98      (   0.000012 1881000          9        )          0.236909
99      (   0.000013 2081000         10.17     )          0.057216 *
100     (   0.000013 2381000         11.17     )          0.154947
101     (   0.000013 1981000         10.17     )          0.098301
102     (   0.000023 2181000         10.17     )          0.130482
103     (   0.000003 1981000         10.17     )          0.073122
104     (   0.000003 2081000         10.17     )          0.16098 
105     (   0.000013 2181000         10.17     )          0.169767
106     (   0.000013 2081000          9.17     )          0.651256
107     (   0.000013 2081000         11.17     )          0.428122
108     (   0.000023 2081000         10.17     )          0.129328
109     (   0.000018 2381000         10.68     )          0.234355
110     (   0.000013 2074000         10.27     )          0.048648 *
111     (   0.000023 2074000         10.27     )          0.135423
112     (   0.000013 1974000         10.27     )          0.13125 
113     (   0.000013 1974000          9.27     )          0.25389 
114     (   0.000013 2174000         11.27     )          0.256953
115     (   0.000013 1974000         11.27     )          0.979011
116     (   0.000003 2074000         10.27     )          0.139939
117     (   0.000013 2174000          9.27     )          0.959725
118     (   0.00001  2053000         10.57     )          0.104499
119     (   0.000018 2174000         10.57     )          0.056872
120     (   0.000017 2238000         10.67     )          0.063498

BBE ( SOL ) OBJ
121     (   0.000013 2045000         10.17     )          0.052261
122     (   0.000016 2114000         10.5      )          0.06156 
123     (   0.000014 2089000         10.25     )          0.051112
124     (   0.000009 1965000          9.89     )          0.050507
125     (   0.00001  2040000         10.1      )          0.052409
126     (   0.000012 2044000         10.15     )          0.049995
127     (   0.000009 1966000          9.96     )          0.050373
128     (   0.000014 2091000         10.36     )          0.050642
129     (   0.00001  1997000         10.01     )          0.048978
130     (   0.000015 2111000         10.33     )          0.051807
131     (   0.00001  2002000         10.05     )          0.049142
132     (   0.000009 2005000         10.07     )          0.048735
133     (   0.000011 2049000         10.18     )          0.048562 *
134     (   0.000011 2072000         10.25     )          0.049513
135     (   0.000012 2088000         10.34     )          0.049805
136     (   0.00001  2020000         10.09     )          0.04859 
137     (   0.000013 2090000         10.29     )          0.049776
138     (   0.00001  2026000         10.13     )          0.048447 *
139     (   0.000008 1989000         10        )          0.048989
140     (   0.000012 2053000         10.2      )          0.048893
141     (   0.00001  1926000          9.98     )          0.089636
142     (   0.00001  2026000         10.22     )          0.051525
143     (   0.00001  2026000         10        )          0.057139
144     (   0.00001  2026000         10.2      )          0.050412
145     (   0.00001  1926000         10.4      )          0.273534
146     (   0.00001  1926000          9.63     )          0.069811
147     (   0.0      2026000         10.06     )          0.163074
148     (   0.00002  2026000         10.2      )          0.142765
149     (   0.00001  2126000          9.86     )          0.264059
150     (   0.00001  2126000         10.63     )          0.069307
151     (   0.000008 1957000          9.98     )          0.052346
152     (   0.000011 2031000         10.12     )          0.048254 *
153     (   0.000011 2046000         10.09     )          0.052899
154     (   0.000011 2045000         10.18     )          0.048914
155     (   0.000011 2051000         10.2      )          0.048337
156     (   0.000011 2023000         10.12     )          0.049117
157     (   0.000011 2043000         10.17     )          0.048787
158     (   0.000001 1981000         10.11     )          0.090822
159     (   0.000011 2030000         10.32     )          0.065881
160     (   0.000001 2081000         10.12     )          0.226392

BBE ( SOL ) OBJ
161     (   0.000011 2032000          9.92     )          0.072557
162     (   0.000021 1981000         10.12     )          0.213841
163     (   0.000021 2081000         10.13     )          0.102739
164     (   0.000014 2046000         10.09     )          0.056517
165     (   0.00001  2026000         10.13     )          0.048606
166     (   0.000011 2023000         10.12     )          0.048861
167     (   0.000011 2043000         10.17     )          0.048844
168     (   0.000016 2032000         10.13     )          0.075234
169     (   0.000011 2029000         10.22     )          0.052314
170     (   0.000011 2051000         10.13     )          0.052659
171     (   0.000006 2030000         10.11     )          0.067623
172     (   0.000012 2033000         10.02     )          0.05642 
173     (   0.000012 2011000         10.11     )          0.053179
174     (   0.00001  2028000         10.145    )          0.048596
175     (   0.000011 2043000         10.165    )          0.048368
176     (   0.000012 2057000         10.1933   )          0.049559
177     (   0.000011 2034000         10.1458   )          0.048468
178     (   0.000009 2024000         10.0826   )          0.050754
179     (   0.000013 2033000         10.07     )          0.052429
180     (   0.00001  2041000         10.1111   )          0.052214
181     (   0.00001  2029000         10.17     )          0.048518
182     (   0.000013 2038000         10.1574   )          0.053448
183     (   0.000013 2021000         10.1289   )          0.053816
184     (   0.000013 2038130         10.0826   )          0.053643
185     (   0.000012 2057330         10.1933   )          0.049029
186     (   0.000011 2033830         10.1458   )          0.048446
187     (   0.000012 2049500         10.1775   )          0.048818
188     (   0.000011 2037750         10.1537   )          0.048204 *
189     (   0.000011 2036830         10.1508   )          0.048594
190     (   0.000011 2041460         10.1615   )          0.048297
191     (   0.000011 2022470         10.0901   )          0.048587
192     (   0.000011 2043870         10.1725   )          0.048271
193     (   0.000011 2033620         10.136    )          0.048068 *
194     (   0.000011 2029700         10.1232   )          0.0493  
195     (   0.000011 2024380         10.1006   )          0.048566
196     (   0.000011 2039000         10.1545   )          0.048215
197     (   0.000011 2042580         10.1761   )          0.048325
198     (   0.000011 2033900         10.134    )          0.048481
199     (   0.000012 2021620         10.0829   )          0.050307
200     (   0.00001  2029620         10.1433   )          0.048444

BBE ( SOL ) OBJ
201     (   0.000011 2042620         10.1761   )          0.047998 *
202     (   0.000011 2048620         10.2042   )          0.0483  
203     (   0.000011 2036620         10.156    )          0.048731
204     (   0.000011 2038620         10.1549   )          0.047623 *
205     (   0.000011 2038620         10.1576   )          0.048416
206     (   0.000011 2037620         10.1547   )          0.048412
207     (   0.000011 2026620         10.0949   )          0.049176
208     (   0.000011 2037620         10.1749   )          0.048709
209     (   0.000011 2038620         10.1549   )          0.048745
210     (   0.000011 2037620         10.1549   )          0.048704
211     (   0.000009 2040620         10.2349   )          0.051019
212     (   0.000012 2018620         10.2549   )          0.069918
213     (   0.000013 2036620         10.0749   )          0.053766
214     (   0.00001  2018620         10.0949   )          0.048446
215     (   0.000012 2058620         10.2149   )          0.048913
216     (   0.00001  2058620         10.0549   )          0.073355
217     (   0.000011 2026620         10.0913   )          0.048938
218     (   0.000011 2038620         10.1722   )          0.049079
219     (   0.000011 2031620         10.2049   )          0.049908
220     (   0.00001  2034620         10.1221   )          0.049778
221     (   0.00001  2048620         10.1754   )          0.049861
222     (   0.000012 2042620         10.1877   )          0.049689
223     (   0.000011 2045620         10.1049   )          0.052041
224     (   0.000012 2028620         10.1344   )          0.049995
225     (   0.000012 2039190         10.1239   )          0.049887
226     (   0.000011 2038820         10.1576   )          0.04812 
227     (   0.000011 2038550         10.1567   )          0.048353
228     (   0.000011 2038550         10.1566   )          0.048632
229     (   0.000011 2036920         10.1749   )          0.048394
230     (   0.000011 2033620         10.1475   )          0.048563
231     (   0.000011 2040320         10.1349   )          0.049052
232     (   0.000011 2036530         10.1535   )          0.048318
233     (   0.000012 2040710         10.1563   )          0.048663
234     (   0.000011 2043620         10.1623   )          0.048653
235     (   0.000011 2041460         10.1419   )          0.049292
236     (   0.000011 2039220         10.1501   )          0.048072
237     (   0.000011 2036620         10.159    )          0.047917
238     (   0.000011 2039740         10.1649   )          0.047859
239     (   0.000011 2040620         10.1508   )          0.048124
240     (   0.000011 2038020         10.1597   )          0.047805

BBE ( SOL ) OBJ
241     (   0.000011 2037500         10.1449   )          0.048006
242     (   0.000011 2036620         10.1649   )          0.047762
243     (   0.000011 2035770         10.154767 )          0.047801
244     (   0.000011 2035990         10.156678 )          0.048024
245     (   0.000011 2037510         10.158944 )          0.048681
246     (   0.000011 2039180         10.1599   )          0.048904
247     (   0.000011 2039620         10.151784 )          0.04906 
248     (   0.000011 2037620         10.158016 )          0.048865
249     (   0.000011 2038180         10.155496 )          0.048954
Reached stop criterion: Max number of blackbox evaluations (Eval Global) 250
250     (   0.000011 2039060         10.154304 )          0.048971
251     (   0.000011 2038060         10.1499   )          0.048994
A termination criterion is reached: Max number of blackbox evaluations (Eval Global) No more points to evaluate 251

Best feasible solution:     #18046 ( 1.11e-05 2.03862e+06 10.1549 )     Evaluation OK    f =   0.04762290000000000273    h =   0                     

Best infeasible solution:   Undefined.

Blackbox evaluations:        251
Total model evaluations:     20274
Cache hits:                  34
Total number of evaluations: 285

real    276m11.453s
user    1983m16.737s
sys     3m39.533s

