audrey@Plateau:~/work/lethe/lethe/examples/rpt/parameters_tuning$ time /home/audrey/work/NOMAD/build/release/bin/nomad param_nomad.txt
BBE ( SOL ) OBJ
1       (   0.0001   1000000         15        )         49.1979   *
2       (   0.00009  1000000         13        )         37.3411   *
3       (   0.00009  900000         16        )  59.5046  
4       (   0.00009  1100000         17        )         54.8259  
5       (   0.00011  900000         13        )  43.9327  
6       (   0.00011  1000000         17        )         60.7297  
7       (   0.00011  1100000         14        )         39.5051  
8       (   0.00006  1000000          7        )          9.12254  *
9       (   0        1000000          0        )         12.5544  
10      (   0.00011  1100000          0        )         11.9191  
11      (   0.00002  1100000          0        )         13.5978  
12      (   0.00004  1100000          0        )         12.7044  
13      (   0.00007  1000000          5        )          6.60589  *
14      (   0.00009  900000          7.0      )  14.4691  
15      (   0.00016  1100000          8        )         16.4415  
16      (   0.00004  1000000          2        )          6.63885 
17      (  -0        900000          9        )  14.9874  
18      (   0.00008  1100000          2        )          7.95974 
19      (   0.00007  1100000          0        )         12.0112  
20      (   0.00006  1000000          5        )          5.95282  *
21      (   0.00003  900000          6        )   7.40902 
22      (   0.00005  1000000          5        )          5.34042  *
23      (   0.00002  1000000          5        )          3.54575  *
24      (   0        1000000          5        )          2.50334  *
25      (  -0.0      1000000          5        )          2.49058  *
26      (   0        1100000          6        )          1.86905  *
27      (  -0        1400000          9        )          1.75007  *
28      (   0        2300000         18        )         19.5341  
29      (   0        1300000         11        )          9.07917 
30      (   0.00002  1100000          4        )          3.48238 
31      (   0        1400000         29        )         92.0748  
32      (   0        900000          8        )  10.927   
33      (   0        1400000          3        )          9.67351 
34      (   0.00006  1400000          0        )         16.3082  
35      (   0.00001  1900000         10        )          0.132837 *
36      (   0.0002   1400000         15        )         39.5666  
37      (   0.00004  3400000         13        )          0.440227
38      (   0.0002   3400000          9        )          7.10604 
39      (   0.00003  3300000         14        )          0.57937 
40      (   0.00005  4600000         19        )          5.547   

BBE ( SOL ) OBJ
41      (   0.00001  2000000          9        )          0.571729
42      (   0.00001  1600000          7        )          1.22886 
43      (   0.00003  2900000         12        )          0.315454
44      (   0        2100000          1        )         35.8449  
45      (   0        2200000         30        )         78.7897  
46      (   0.00021  1700000         19        )         52.0411  
47      (   0.00009  1600000          0        )         16.8915  
48      (   0.00006  2900000          7        )          9.30151 
49      (   0        900000         13        )  36.4098  
50      (   0.00021  2900000          9        )          7.42205 
51      (  -0        1200000          7        )          1.5441  
52      (   0.00002  2800000         12        )          0.398734
53      (   0.00003  3100000         14        )          0.761   
54      (   0.00002  2300000         10        )          0.475495
55      (   0.00002  2800000         13        )          0.468922
56      (   0.00002  2600000         12.0      )          0.182134
57      (   0.00002  2100000         11        )          0.35671 
58      (   0.00002  2300000         11.0      )          0.06805  *
59      (  -0        1600000         10        )          1.34162 
60      (   0.00002  2600000         12        )          0.181171
61      (   0.00005  3500000         14.0      )          0.40437 
62      (   0        3500000         20        )         15.2591  
63      (   0        1700000         14.0      )         11.9679  
64      (   0.00012  2900000          8.0      )          5.48223 
65      (   0        3300000         21        )         21.2101  
66      (   0.00005  1300000          1.0      )         12.2269  
67      (   0        3100000          1.0      )         56.0302  
68      (   0.00009  1500000         21        )         60.7541  
69      (   0.00012  1300000          7        )          7.80972 
70      (   0.00007  2200000         11.0      )          1.96252 
71      (   0        2400000         11.0      )          0.774683
72      (   0.00001  1800000         13.0      )          6.85127 
73      (   0.00002  2100000          6.0      )          7.94045 
74      (   0.00002  2500000         16.0      )          8.83963 
75      (   0.00003  2800000          9.0      )          4.72011 
76      (  -0.0      1900000         10        )          0.090761
77      (  -0.0      1500000          9        )          0.845083
78      (   0.00002  2300000         11        )          0.067821 *
79      (   0.00001  2200000         11        )          0.118345
80      (   0.00004  2500000         12        )          0.473399

BBE ( SOL ) OBJ
81      (   0.00001  2500000          9        )          3.94017 
82      (   0        2100000         10        )          0.382095
83      (   0.00004  2100000          9        )          0.833866
84      (   0        2500000         13        )          1.2828  
85      (   0.00003  2100000         13        )          4.09717 
86      (   0.00002  2200000         11        )          0.139574
87      (   0.00001  2300000         11        )          0.151962
88      (   0.00002  2300000         12        )          0.611112
89      (   0.00003  2300000         11        )          0.155711
90      (   0.00002  2400000         11        )          0.114992
91      (   0.000021 2325000         10.92     )          0.071645
92      (   0.000015 2250000         11.48     )          0.2589  
93      (   0.000022 2250000         10.64     )          0.070752
94      (   0.000025 2288000         11.38     )          0.235243
95      (   0.000015 2312000         10.62     )          0.183264
96      (   0.000018 2350000         11.36     )          0.105576
97      (   0.000025 2350000         10.52     )          0.188619
98      (   0.00002  2300000         11        )          0.066445 *
99      (   0.00002  2300000         11        )          0.067383
100     (   0.00002  2300000         11        )          0.06597  *
101     (   0.00002  2300000         11        )          0.067346
102     (   0.00002  2300000         11        )          0.068699
103     (   0.00002  2242000         10.84     )          0.064715 *
104     (   0.000019 2200000         10.8      )          0.072161
105     (   0.000018 2068000         10.36     )          0.100043
106     (   0.000017 2200000         10.64     )          0.056111 *
107     (   0.000007 2100000          9.64     )          0.418764
108     (   0.000007 2000000          9.64     )          0.157501
109     (   0.000017 2300000         10.64     )          0.131392
110     (   0.000027 2200000          9.64     )          0.445484
111     (   0.000007 2300000          9.64     )          1.36208 
112     (   0.000007 2200000         11.64     )          0.457194
113     (   0.000027 2100000         11.64     )          1.23211 
114     (   0.000027 2300000         11.64     )          0.409272
115     (   0.000009 2074000         10.04     )          0.103512
116     (   0.000014 2100000         10.35     )          0.050661 *
117     (   0.000004 1800000          9.35     )          0.076029
118     (   0.000014 2200000         10.35     )          0.115977
119     (   0.000024 2100000         10.35     )          0.15222 
120     (   0.000014 2000000         10.35     )          0.142497

BBE ( SOL ) OBJ
121     (   0.000014 2100000          9.35     )          0.5239  
122     (   0.000004 2100000         10.35     )          0.1289  
123     (   0.000014 2100000         11.35     )          0.548801
124     (   0.000007 1800000          9.48     )          0.113039
125     (   0.000013 2085000         10.3      )          0.050712
126     (   0.00001  2015000         10.02     )          0.051824
127     (   0.000008 1933000          9.81     )          0.054006
128     (   0.00001  2000000         10.02     )          0.050378 *
129     (   0.000015 2108000         10.43     )          0.053094
130     (   0.000011 2038000         10.12     )          0.051348
131     (   0.000014 2085000         10.33     )          0.051071
132     (   0.000013 2073000         10.28     )          0.049681 *
133     (   0.000012 2030000         10.13     )          0.049925
134     (   0.000009 1969000          9.94     )          0.052232
135     (   0.000013 2067000         10.25     )          0.051073
136     (   0.000023 2273000         11.28     )          0.192127
137     (   0.000013 1973000         10.28     )          0.146766
138     (   0.000013 2073000         11.28     )          0.56557 
139     (   0.000013 2073000          9.28     )          0.507574
140     (   0.000003 2073000         10.28     )          0.12693 
141     (   0.000013 2173000         10.28     )          0.11412 
142     (   0.000023 2073000         10.28     )          0.15277 
143     (   0.000022 2292000         11.06     )          0.08719 
144     (   0.000016 2173000         10.58     )          0.057434
145     (   0.000015 2123000          9.87     )          0.193934
146     (   0.000017 2102000         10.78     )          0.172248
147     (   0.000018 2041000         10.11     )          0.092212
148     (   0.000012 2023000         10.69     )          0.223132
149     (   0.000008 2105000         10.45     )          0.072919
150     (   0.00001  2044000          9.78     )          0.143616
151     (   0.000011 2038000         10.36     )          0.068585
152     (   0.000014 2053000         10.1      )          0.056898
153     (   0.000015 2071000         10.33     )          0.064527
154     (   0.000011 2075000         10.23     )          0.053668
155     (   0.000014 2092000         10.08     )          0.078625
156     (   0.000013 2054000         10.48     )          0.090028
157     (   0.000013 2093000         10.46     )          0.058687
158     (   0.000011 2053000         10.19     )          0.047411 *
159     (   0.000005 1993000          9.92     )          0.075245
160     (   0.00001  2015000         10.1      )          0.048861

BBE ( SOL ) OBJ
161     (   0.000011 2064000         10.25     )          0.048793
162     (   0.000008 2015000         10.08     )          0.051437
163     (   0.000012 2059000         10.23     )          0.047627
164     (   0.000013 2102000         10.35     )          0.050767
165     (   0.000011 2037000         10.16     )          0.04868 
166     (   0.000012 2035000         10.14     )          0.04893 
167     (   0.000011 2057000         10.22     )          0.047914
168     (   0.000012 2076000         10.27     )          0.046885 *
169     (   0.000013 2095000         10.32     )          0.050293
170     (   0.000013 2068000         10.24     )          0.048528
171     (   0.000012 2060000         10.23     )          0.048209
172     (   0.000015 2145000         10.51     )          0.051961
173     (   0.000012 2054000         10.21     )          0.049794
174     (   0.000017 2084000         10.36     )          0.075623
175     (   0.000013 2085000          9.77     )          0.187005
176     (   0.000007 2068000         10.18     )          0.077544
177     (   0.000011 2067000         10.77     )          0.17505 
178     (   0.000013 2026000         10.2      )          0.062943
179     (   0.000011 2126000         10.34     )          0.068076
180     (   0.000009 2037000         10.2      )          0.051148
181     (   0.000013 2096000         10.37     )          0.049274
182     (   0.000014 2071000         10.19     )          0.053394
183     (   0.00001  2081000         10.35     )          0.051968
184     (   0.000013 2064000         10.47     )          0.074858
185     (   0.000011 2056000         10.17     )          0.050197
186     (   0.000012 2088000         10.07     )          0.086477
187     (   0.000011 2056000         10.25     )          0.048245
188     (   0.000013 2066000         10.3      )          0.051035
189     (   0.000012 2086000         10.24     )          0.054932
190     (   0.000011 2071000         10.32     )          0.050911
191     (   0.000012 2071000         10.17     )          0.053832
192     (   0.000013 2081000         10.37     )          0.051286
193     (   0.000013 2081000         10.22     )          0.051484
194     (   0.000012 2074860         10.2812   )          0.05029 
195     (   0.000013 2068330         10.24     )          0.049075
196     (   0.000012 2059830         10.225    )          0.049881
197     (   0.000013 2075260         10.2531   )          0.048341
198     (   0.000012 2081000         10.2689   )          0.050625
199     (   0.000012 2076120         10.22     )          0.052443
200     (   0.000012 2075880         10.32     )          0.048771

BBE ( SOL ) OBJ
201     (   0.000012 2071000         10.2711   )          0.047896
202     (   0.000012 2076740         10.2869   )          0.050035
203     (   0.000011 2062740         10.261    )          0.048017
204     (   0.000012 2079830         10.3047   )          0.051324
205     (   0.000012 2064960         10.2487   )          0.050444
206     (   0.000012 2076420         10.2744   )          0.048101
207     (   0.000012 2075870         10.29     )          0.047972
208     (   0.000012 2076130         10.25     )          0.048618
209     (   0.000012 2078000         10.2704   )          0.048278
210     (   0.000012 2075580         10.2656   )          0.048195
211     (   0.000012 2074000         10.2696   )          0.04801 
212     (   0.000012 2078000         10.29     )          0.049732
213     (   0.000012 2074580         10.2845   )          0.050505
214     (   0.000012 2074150         10.2733   )          0.05048 
215     (   0.000012 2077000         10.2628   )          0.04805 
216     (   0.000012 2075710         10.263    )          0.047883
217     (   0.000012 2076930         10.28     )          0.047731
218     (   0.000012 2075000         10.2772   )          0.04766 
219     (   0.000012 2075070         10.26     )          0.047921
220     (   0.000012 2076290         10.277    )          0.047732
221     (   0.000012 2075959.9       10.271606 )          0.048274
222     (   0.000012 2075663.3       10.274467 )          0.049164
223     (   0.000012 2076133.3       10.276367 )          0.049517
224     (   0.000012 2076044.6       10.275    )          0.049018
225     (   0.000012 2075500         10.26962  )          0.049063
226     (   0.000012 2075955.4       10.265    )          0.049204
227     (   0.000012 2076500         10.27038  )          0.049142
228     (   0.000012 2076148.7       10.266481 )          0.049228
229     (   0.000012 2075851.3       10.273519 )          0.049004
230     (   0.000012 2076037.7       10.268    )          0.050776
231     (   0.000012 2075806.9       10.269478 )          0.05072 
232     (   0.000012 2076200         10.270219 )          0.050741
233     (   0.000012 2075800         10.269781 )          0.050723
234     (   0.000012 2076193.1       10.270522 )          0.050745
235     (   0.000012 2075962.3       10.272    )          0.050692
236     (   0.000012 2075800         10.272    )          0.050485
237     (   0.000012 2075829.5       10.268417 )          0.049079
238     (   0.000012 2075990.8       10.273354 )          0.048868
239     (   0.000012 2076115.8       10.269788 )          0.048821
240     (   0.000012 2076059.7       10.267575 )          0.048953

BBE ( SOL ) OBJ
241     (   0.000012 2076008         10.271909 )          0.048575
242     (   0.000012 2075862.8       10.272556 )          0.052444
243     (   0.000012 2076052.6       10.27048  )          0.049599
244     (   0.000012 2075979.6       10.269945 )          0.048798
245     (   0.000012 2076020.4       10.270055 )          0.0488  
246     (   0.000012 2075900         10.269412 )          0.048801
247     (   0.000012 2076100         10.270588 )          0.048797
248     (   0.000012 2076057.4       10.269    )          0.048817
249     (   0.000012 2075942.6       10.271    )          0.048781
Reached stop criterion: Max number of blackbox evaluations (Eval Global) 250
250     (   0.000012 2075999.761179  10.270005 )          0.048946
A termination criterion is reached: Max number of blackbox evaluations (Eval Global) 250

Best feasible solution:     #15404 ( 1.23e-05 2.076e+06 10.27 ) Evaluation OK    f =   0.04688529999999999781    h =   0                     

Best infeasible solution:   Undefined.

Blackbox evaluations:        250
Total model evaluations:     18739
Cache hits:                  47
Total number of evaluations: 297

real    48m17.694s
user    192m36.118s
sys     1m24.036s

