audrey@Plateau:~/work/lethe/lethe/examples/rpt/nomad_run9$ time /home/audrey/work/NOMAD/build/release/bin/nomad param_nomad.txt
BBE ( SOL ) OBJ
1	(   0.01     1000         20        )	149.877    *
2	(   0.009    1100         22        )	149.884   
3	(   0.009    900         21        )	149.897   
4	(   0.009    1000         18        )	149.855    *
5	(   0.011    1100         19        )	149.854    *
6	(   0.011    900         18        )	149.87    
7	(   0.011    1000         22        )	149.895   
8	(   0.014    1400         16        )	149.763    *
9	(   0.023    2300          7        )	149.106    *
10	(   0.05     5000          0        )	147.268    *
11	(   0.131    13100          0        )	147.952   
12	(   0.127    12600          0        )	147.913   
13	(   0.182    18200          0        )	148.391   
14	(   0.143    14200.0        0        )	148.072   
15	(   0.03     3600          0        )	147.373   
16	(   0.066    4000          0        )	147.861   
17	(   0.07     6400         23        )	149.587   
18	(   0.057    3000         39        )	149.909   
19	(   0.043    7000          0        )	146.501    *
20	(   0.034    6000         50        )	149.887   
21	(   0.022    13000          0        )	143.441    *
22	(   0        31000          0        )	122.475    *
23	(   0        85000          0        )	 87.5399   *
24	(   0        247000          0        )	 34.4546   *
25	(   0        733000          0        )	  8.0436   *
26	(   0        2191000          0        )	 43.5563  
27	(   0        659700          0        )	  7.8069   *
28	(   0        988400          0        )	 12.2926  
29	(   0        439800          0        )	 13.0765  
30	(   0        988400         50        )	131.598   
31	(   0        1574400         33        )	 99.6322  
32	(   0        664800         50        )	136.298   
33	(   0.2      875000         20        )	148.464   
34	(   0.08     654600          0        )	146.031   
35	(   0        1159700          0        )	 16.5767  
36	(   0.074    159700          8        )	146.087   
37	(   0        444400          0        )	 12.8213  
38	(   0        724100          0        )	  7.9864  
39	(   0        1959100         22        )	 47.5622  
40	(   0        859700         14        )	 44.9047  

BBE ( SOL ) OBJ
41	(   0        480500         20        )	102.468   
42	(   0        705000          0        )	  7.88044 
43	(   0.086    838900          0        )	146.295   
44	(   0.1      614400         13        )	146.931   
45	(   0.023    459700          0        )	137.224   
46	(  -0.0      740200         20        )	 84.5215  
47	(   0.0      742700          0        )	  8.12083 
48	(   0        672700          1        )	  6.68916  *
49	(   0.005    759700          0        )	104.916   
50	(   0        637100          0        )	  7.88227 
51	(   0        559700          2        )	  9.94677 
52	(   0.007    682300         10        )	120.084   
53	(   0.05     646700          0        )	143.758   
54	(   0        711700          4        )	  7.26321 
55	(   0.1      439800          0        )	146.814   
56	(  -0.0      650200          3        )	  7.84891 
57	(   0.05     544500          0        )	143.77    
58	(   0.028    872700          0        )	139.186   
59	(   0        635300          0        )	  7.90016 
60	(   0        800900          3        )	  4.50081  *
61	(   0        472700          5        )	 26.2614  
62	(   0.017    710100         11        )	134.768   
63	(   0        1185500          9        )	  5.30852 
64	(   0        1371400         -0        )	 22.3706  
65	(   0.0      1148500          8        )	  3.67064  *
66	(  -0        1397700         10        )	  3.824   
67	(  -0        2191300         23        )	 47.6564  
68	(  -0.0      1495600          0        )	 25.8147  
69	(   0.0      1045900          5        )	  2.16069  *
70	(   0.0      976100          3        )	  3.96997 
71	(  -0.0      738100          0        )	  8.07911 
72	(   0        1438300         -0        )	 24.2306  
73	(   0.0      1418600         12        )	  9.99082 
74	(   0.0      1086700          5        )	  1.98572  *
75	(   0.0      1209100          5        )	  2.05537 
76	(   0        1410600         -0        )	 23.4642  
77	(  -0        898500          2        )	  5.25207 
78	(   0.0      1272900          8        )	  1.77766  *
79	(  -0.0      1831500         17        )	 23.628   
80	(   0        1404100         -0.0      )	 23.274   

BBE ( SOL ) OBJ
81	(   0.0      1230600          4        )	  4.00235 
82	(   0.0      1169000          7        )	  1.85141 
83	(   0.007    383100          0        )	116.27    
84	(   0.005      0         31        )	150       
85	(   0        3272900          0        )	 64.2534  
86	(   0.05     1534500         12        )	143.878   
87	(   0        2162700         58        )	126.268   
88	(   0        1011300          4        )	  2.80608 
89	(   0        1513000         -0        )	 26.2852  
90	(   0.0      1143300          8        )	  3.77002 
91	(   0.0      1192700          6        )	  1.31119  *
92	(  -0        952100          0        )	 11.4781  
93	(   0        1221400         -0        )	 18.2406  
94	(   0.0      1336400          9        )	  2.55307 
95	(   0.0      1149100          6        )	  1.5071  
96	(   0        338900         26        )	126.289   
97	(   0        861300          0        )	  9.69039 
98	(   0.016    2046500          0        )	131.838   
99	(   0        2192700         12        )	  0.865358 *
100	(   0.018    1524100         26        )	139.392   
101	(   0.014    192700          0        )	131.432   
102	(   0        5192700         30        )	 47.8877  
103	(   0        1712200         -0        )	 31.6832  
104	(   0.0      1750100          8        )	  0.785765 *
105	(   0.0      1988700          8        )	  2.48368 
106	(  -0        422300          0        )	 14.1154  
107	(   0        1674300         -0        )	 30.6811  
108	(   0.0      2274600         11        )	  0.413024 *
109	(   0.0      2837300         14.0      )	  1.93395 
110	(  -0.0      3848100         20        )	 13.0426  
111	(   0        1808000          2        )	 23.4131  
112	(  -0.0      2952200         15        )	  3.10766 
113	(   0.0      1632600          8        )	  0.357543 *
114	(  -0          0          0        )	150       
115	(   0        2235000          8        )	  5.03263 
116	(   0.0      2578800         12        )	  0.888704
117	(   0.0      2232300         11        )	  0.339412 *
118	(  -0.0      4031400         20        )	 12.1492  
119	(   0        2321700          9        )	  3.26954 
120	(   0.0      2342900         12        )	  0.639352

BBE ( SOL ) OBJ
121	(   0.0      2194700         11        )	  0.293183 *
122	(   0.0      2081900         11        )	  0.292651 *
123	(  -0.0      1743500         11        )	  1.79154 
124	(   0        2345500         10        )	  1.55828 
125	(   0.0      1664900          9        )	  0.141861 *
126	(   0.0      1360000.0        8        )	  0.952009
127	(  -0        413900          3        )	 23.5093  
128	(   0        2348000         10        )	  1.57141 
129	(  -0.0      2328400         13        )	  1.74204 
130	(   0.0      1806600          9        )	  0.157064
131	(   0          0         26        )	150       
132	(   0.013    11664900          0        )	128       
133	(   0.011      0          0        )	150       
134	(   0        8645400         59        )	110.56    
135	(   0        5323200          0        )	 87.9652  
136	(   0.02       0         50        )	150       
137	(   0.018    11664900         33        )	137.095   
138	(   0.0      1507600          8        )	  0.312568
139	(   0.0      2022900         10        )	  0.182891
140	(   0        6664900          7        )	 63.7686  
141	(   0.01     2077400          9        )	123.776   
142	(   0.001      0         11        )	150       
143	(   0.0      1251500          0        )	 19.0542  
144	(   0.0      2078300         29        )	 77.212   
145	(   0        1252400          9        )	  3.92622 
146	(   0        2556400          9        )	  5.65261 
147	(   0.0      1581000          8        )	  0.281335
148	(   0.0      1706200          9        )	  0.094272 *
149	(   0.0      1830100          9        )	  0.204733
150	(   0        2549100          9        )	  5.56877 
151	(   0.0      1428900          8        )	  0.550012
152	(   0.0      1874400         10        )	  0.107839
153	(   0.005    2090700         16        )	111.277   
154	(   0          0         14        )	150       
155	(   0.004    322100          0        )	102.024   
156	(   0.001    3706200          4        )	 40.0929  
157	(   0        1321700          2        )	 11.9874  
158	(   0        3090300         19        )	 14.4331  
159	(   0.004    3706200         14        )	 99.5043  
160	(   0.0      1690400         10        )	  0.699698

BBE ( SOL ) OBJ
161	(   0.0      1777600          9        )	  0.114495
162	(   0.001    1941200         14        )	 60.1088  
163	(   0.0      706200         10        )	 32.1356  
164	(   0.0      2706200          8        )	 11.0936  
165	(   0        1957500         10        )	  0.097373
166	(   0        1471200          4        )	  7.32975 
167	(   0.002    1454900          8        )	 75.6923  
168	(   0        1857300          9        )	  0.275922
169	(   0.0      1914500         10        )	  0.084945 *
170	(   0.0      1982900.0       11.0      )	  0.474641
171	(  -0.0      2539400         13        )	  1.23075 
172	(   0.002    1768100          0        )	 68.2345  
173	(   0.0      1844400          9        )	  0.240735
174	(   0.0      1866900         10        )	  0.116239
175	(   0.001    1780400          5        )	 44.6805  
176	(   0.001    2479100         12        )	 50.6165  
177	(   0.0      2914500          8        )	 13.9982  
178	(   0        1349900          8        )	  1.03091 
179	(   0.0      914500         12        )	 29.7471  
180	(   0        2048600         15        )	 10.0329  
181	(   0        2014300         10        )	  0.166891
182	(   0        1770400          8        )	  0.886369
183	(   0.00027  1414500         10        )	 22.7543  
184	(   0.00048  2058600         12        )	 31.5535  
185	(   0        2414500         10        )	  2.01242 
186	(   0        1570700         12        )	  6.75048 
187	(   0.00042  2258300          8        )	 19.8921  
188	(   0.0      1779100          9        )	  0.115348
189	(   0        1797600         10        )	  0.252274
190	(   0        2114500         10        )	  0.425077
191	(   0.00008  1714500         10        )	  4.77563 
192	(   0.00011  1865800          9        )	  4.32743 
193	(   0.0002   2031400         10        )	 10.1306  
194	(   0        1963200         11        )	  0.531091
195	(   0        1825600          9.51     )	  0.062847 *
196	(  -0.0      1558900          8.51     )	  0.257633
197	(   0        1853100          9.51     )	  0.070686
198	(  -0.0      2022600         10.51     )	  0.155921
199	(   0.0      1785300          9.51     )	  0.08105 
200	(   0        2025600          8.51     )	  1.78261 

BBE ( SOL ) OBJ
201	(   0        1797300          9.51     )	  0.071677
202	(   0        1713500          8.51     )	  0.222561
203	(   0.0001   1853900          9.51     )	  4.22194 
204	(   0        1937700         10.51     )	  0.232102
205	(   0.00002  1625600         10.51     )	  2.92153 
206	(  -0.0      1558900          8.04     )	  0.263628
207	(   0        1839400          9.55     )	  0.063285
208	(  -0.0      1893400          9.54     )	  0.103993
209	(   0.0      1812300          9.52     )	  0.065559
210	(   0.000016 1725600          9.74     )	  0.733423
211	(   0.00005  1843900          9.36     )	  1.34803 
212	(   0        1925600          9.28     )	  0.29327 
213	(   0        1773100          9.01     )	  0.106714
214	(   0.00001  1878100         10.01     )	  0.178777
215	(   0        1807300          9.66     )	  0.088935
216	(   0        1831400          9.54     )	  0.062656 *
217	(   0        1848800          9.63     )	  0.063565
218	(   0        1837300          9.55     )	  0.062004 *
219	(   0        1855000          9.58     )	  0.065809
220	(   0        1837100          9.55     )	  0.062433
221	(  -0.0      1858200          9.57     )	  0.068331
222	(   0.0      1823800          9.53     )	  0.063111
223	(   0        1937300          9.53     )	  0.186345
224	(   0.000007 1840900          9.05     )	  0.155231
225	(   0        1814500          9.38     )	  0.066346
226	(   0.00002  1860100          9.72     )	  0.314873
227	(   0        1833700         10.05     )	  0.192348
228	(   0.000004 1737300          9.57     )	  0.241783
229	(   0        1829200          9.53     )	  0.061885 *
230	(   0        1804900          9.47     )	  0.064207
231	(   0        1827900          9.52     )	  0.062303
232	(  -0.0      1839100          9.54     )	  0.06327 
233	(   0.0      1827600          9.53     )	  0.062167
234	(   0.00001  1901400          9.47     )	  0.086968
235	(   0        1757000          9.59     )	  0.146275
236	(   0.000003 1743100          9.33     )	  0.123797
237	(   0        1915300          9.73     )	  0.090693
238	(   0.000009 1746500          9.73     )	  0.412082
239	(   0        1911900          9.33     )	  0.224688
240	(   0.000006 1907700          9.73     )	  0.052702 *

BBE ( SOL ) OBJ
241	(   0.000025 2143200         10.33     )	  0.124985
242	(   0.00001  1995500         10.05     )	  0.049505 *
243	(   0.000021 2258900         11.01     )	  0.08945 
244	(   0.000015 2074600         10.14     )	  0.05948 
245	(   0.000021 2156000         10.42     )	  0.075788
246	(   0.000005 1910900          9.75     )	  0.05251 
247	(   0        1801500          9.55     )	  0.074526
248	(   0.000011 2006300          9.99     )	  0.052262
249	(   0.000011 2034100         10.13     )	  0.048636 *
250	(   0.000014 2097300         10.33     )	  0.050083
251	(   0.000017 2113000         10.36     )	  0.056695
252	(   0.000008 1961400          9.9      )	  0.049444
253	(   0.000008 1987700         10.06     )	  0.04984 
254	(   0.000009 1992400         10.05     )	  0.048512 *
255	(   0.000009 1996400         10        )	  0.049678
256	(   0.00001  1995700         10.04     )	  0.048533
257	(   0.000012 2053400         10.25     )	  0.049507
258	(   0.000009 1984400          9.99     )	  0.04903 
259	(   0.000011 2030400         10.16     )	  0.048503 *
260	(   0.000012 2053400         10.24     )	  0.049566
261	(   0.000009 1978200         10.04     )	  0.050257
262	(   0.000011 2020100         10.11     )	  0.04829  *
263	(   0.000011 2032900         10.17     )	  0.048195 *
264	(   0.000011 2051500         10.24     )	  0.049066
265	(   0.000013 2063200         10.24     )	  0.048756
266	(   0.00001  2010100         10.1      )	  0.048594
267	(   0.000011 2071300         10.17     )	  0.05582 
268	(   0.000018 2124700         10.17     )	  0.08056 
269	(   0.000013 2063200         10.17     )	  0.051209
270	(   0.00001  2010100         10.17     )	  0.052254
271	(   0.000031 1962300         11.17     )	  1.5777  
272	(   0        2103500          9.17     )	  1.24706 
273	(   0.000027 2232900          9.17     )	  1.02865 
274	(   0        2227100         11.17     )	  0.337082
275	(   0        1832900         11.17     )	  1.397   
276	(   0.000022 1838700          9.17     )	  0.306099
277	(   0.000011 2071300         10.35     )	  0.050783
278	(   0.000025 2232900         10.67     )	  0.096892
279	(   0.000021 2045700         10.03     )	  0.113024
280	(   0.000001 2020100         10.31     )	  0.119141

BBE ( SOL ) OBJ
281	(   0.000014 2003300         10.67     )	  0.291447
282	(   0.00001  2132900         10.32     )	  0.083896
283	(   0.000008 2062500          9.67     )	  0.270067
284	(   0.000011 1932900         10.02     )	  0.100724
285	(   0.000011 2043000         10.17     )	  0.048383
286	(   0.000011 2033600         10.14     )	  0.04836 
287	(   0.00001  2014700         10.11     )	  0.049023
288	(   0.000011 2035900         10.16     )	  0.048127 *
289	(   0.000011 2025700         10.15     )	  0.04885 
290	(   0.000011 2031600         10.14     )	  0.047848 *
291	(   0.000011 2046800         10.2      )	  0.048179
292	(   0.000011 2043300         10.16     )	  0.048914
293	(   0.000011 2035500         10.17     )	  0.04826 
294	(   0.00001  2018700         10.08     )	  0.048494
295	(   0.000011 2024500         10.12     )	  0.048079
296	(   0.000011 2014500         10.08     )	  0.048245
297	(   0.000011 2038700         10.17     )	  0.04721  *
298	(   0.000012 2060000         10.26     )	  0.048884
299	(   0.000015 2091400         10.3      )	  0.05203 
300	(   0.000011 2027300         10.13     )	  0.047841
301	(   0.000001 2093300         10.28     )	  0.207508
302	(   0.000021 1984100         10.06     )	  0.183851
303	(   0.000007 1998800          9.67     )	  0.143664
304	(   0.000007 1938700         10.46     )	  0.229756
305	(   0.000015 2078600         10.67     )	  0.141583
306	(   0.000015 2138700          9.88     )	  0.215756
307	(   0.00001  1992900         10        )	  0.050523
308	(   0.000011 2040600         10.17     )	  0.048157
309	(   0.000011 2028500         10.13     )	  0.048125
310	(   0.00001  1988700         10.18     )	  0.06454 
311	(   0.000016 2025000         10.03     )	  0.070831
312	(   0.000008 2042900          9.97     )	  0.094023
313	(   0.000014 2034500         10.37     )	  0.094298
314	(   0.000012 2088700         10.16     )	  0.063728
315	(   0.000006 2052400         10.31     )	  0.069583
316	(   0.000011 2030800         10.15     )	  0.0481  
317	(   0.000009 2048400         10.27     )	  0.051732
318	(   0.000013 2029000         10.07     )	  0.05258 
319	(   0.000009 2019300         10.12     )	  0.048506
320	(   0.00001  2058700         10.07     )	  0.0679  

BBE ( SOL ) OBJ
321	(   0.000012 2018700         10.27     )	  0.068098
322	(   0.000013 2058100         10.22     )	  0.049319
323	(   0.00001  2029400         10.1436   )	  0.04816 
324	(   0.000011 2040600         10.1733   )	  0.048345
325	(   0.000011 2028500         10.1333   )	  0.048503
326	(   0.000012 2035700         10.12     )	  0.049281
327	(   0.00001  2028700         10.1538   )	  0.048194
328	(   0.000012 2048700         10.1862   )	  0.048617
329	(   0.00001  2041700         10.22     )	  0.048768
330	(   0.00001  2048700         10.1268   )	  0.053719
331	(   0.000012 2028700         10.2132   )	  0.054141
332	(   0.000011 2035300         10.1619   )	  0.0481  
333	(   0.000011 2037900         10.19     )	  0.04896 
334	(   0.000011 2038400         10.1879   )	  0.049469
335	(   0.000011 2043700         10.1725   )	  0.049037
336	(   0.000011 2039500         10.15     )	  0.049221
337	(   0.00001  2039000         10.1521   )	  0.049366
338	(   0.000011 2033700         10.1675   )	  0.049014
339	(   0.000011 2040600         10.1733   )	  0.047996
340	(   0.000011 2024500         10.12     )	  0.04799 
341	(   0.000011 2028500         10.1334   )	  0.048159
342	(   0.000011 2040600         10.1733   )	  0.04807 
343	(   0.000011 2028500         10.1333   )	  0.048267
344	(   0.000011 2037900         10.1787   )	  0.04833 
345	(   0.000011 2036700         10.1611   )	  0.048339
346	(   0.000011 2040600         10.1631   )	  0.048507
347	(   0.000011 2036800         10.1769   )	  0.048588
348	(   0.000011 2039500         10.1613   )	  0.048458
349	(   0.000011 2040700         10.1789   )	  0.04835 
350	(   0.000011 2039300         10.1611   )	  0.048411
351	(   0.000011 2033300         10.1489   )	  0.048439
^C
NOMAD caught User interruption.
Please wait...
Warning: Evaluation error with point #32432 ( 1.0966e-05 2.0388e+06 10.1672 )	Evaluation error	 Undefined f	 h =   0                     : output is empty
Warning: Evaluator returned exit status 2 for point: ( 1.0966e-05 2.0388e+06 10.1672 )
Warning: Evaluator returned exit status 2 for point: ( 1.0966e-05 2.0388e+06 10.1672 )
A termination criterion is reached: Ctrl-C (Base) No more points to evaluate

Best feasible solution:     #26964 ( 1.09696e-05 2.0387e+06 10.17 )	Evaluation OK	 f =   0.04720980000000000315	 h =   0                     

Best infeasible solution:   Undefined.

Blackbox evaluations:               351
Blackbox evaluation (not counting): 1
Total model evaluations:            30533
Cache hits:                         31
Total number of evaluations:        383

real	726m25.104s
user	2797m45.918s
sys	15m7.851s

