audrey@Plateau:~/work/lethe/lethe/examples/rpt/parameters_tuning$ time /home/audrey/work/NOMAD/build/release/bin/nomad param_nomad.txt
BBE ( SOL ) OBJ
1       (   0.0001   1000000         15        )        196.822    *
2       (   0.00011  1100000         14        )        158.108    *
3       (   0.00009  1100000         17        )        219.384   
4       (   0.00011  900000         13        ) 175.817   
5       (   0.00009  900000         16        ) 238.097   
6       (   0.00009  1000000         13        )        149.451    *
7       (   0.00011  1000000         17        )        242.996   
8       (   0.00006  1000000          7        )         36.5174   *
9       (   0        1000000          0        )         50.2428  
10      (   0.00011  1100000          0        )         47.6945  
11      (   0.00002  1100000          0        )         54.4735  
12      (   0.00004  1100000          0        )         50.8649  
13      (   0.00007  1000000          5        )         26.3897   *
14      (   0.00009  900000          7.0      )  57.9027  
15      (   0.00016  1100000          8        )         65.762   
16      (   0.00004  1000000          2        )         26.5048  
17      (  -0        900000          9        )  59.9836  
18      (   0.00008  1100000          2        )         31.8767  
19      (   0.00007  1100000          0        )         48.0279  
20      (   0.00006  1000000          5        )         23.8655   *
21      (   0.00003  900000          6        )  29.6132  
22      (   0.00005  1000000          5        )         21.3412   *
23      (   0.00002  1000000          5        )         14.2288   *
24      (   0        1000000          5        )          9.95095  *
25      (  -0.0      1000000          5        )          9.94656  *
26      (   0        1100000          6        )          7.49041  *
27      (  -0        1400000          9        )          6.99875  *
28      (   0        2300000         18        )         77.9824  
29      (   0        1300000         11        )         36.3524  
30      (   0.00002  1100000          4        )         13.9267  
31      (   0.0002   1400000          9        )         62.2038  
32      (   0        1000000         29        )        414.513   
33      (  -0        1800000          0        )        135.945   
34      (  -0        1900000         26        )        273.963   
35      (   0        900000          0        )  41.6292  
36      (   0        1000000          7        )         19.0559  
37      (   0        1200000          9        )         19.9445  
38      (   0.00001  1100000          5        )          9.32721 
39      (   0        1200000         15        )        131.121   
40      (   0.0001   1600000          3        )         36.419   

BBE ( SOL ) OBJ
41      (   0.00002  1200000          0        )         62.7922  
42      (   0.0001   1300000         16        )        166.635   
43      (   0        1600000         19        )        163.925   
44      (   0        1500000          2        )         64.183   
45      (   0.0001   1200000          4        )         26.2377  
46      (   0.00001  1400000          8        )          4.35747  *
47      (   0.00001  1600000         10.0      )          6.98463 
48      (   0.00004  1400000          5        )         14.1963  
49      (   0.00008  1600000          8        )         13.8783  
50      (  -0        1800000         13        )         25.4267  
51      (   0.00001  1300000          7        )          4.96604 
52      (   0.0001   1300000         18        )        210.385   
53      (   0        1300000         12        )         52.944   
54      (   0.00011  1500000          4        )         28.1866  
55      (   0.00006  1300000          0        )         59.4693  
56      (   0        1500000          0        )        103.755   
57      (   0        1500000         18        )        154.246   
58      (  -0.0      1320000          5        )         10.9002  
59      (  -0        1633000         11        )         11.6704  
60      (   0.00001  1233000          7        )          6.87891 
61      (   0.00002  1222000          6        )          7.98351 
62      (   0.00001  1356000          8        )          5.73264 
63      (   0.00002  1350000          8        )          8.02139 
64      (   0        1391000          3        )         37.9488  
65      (   0.00006  1409000         13        )         76.8713  
66      (   0.00006  1404000          3        )         30.7914  
67      (   0        1396000         13        )         59.9207  
68      (   0        1450000          8        )          1.84833  *
69      (   0        1650000          8        )          1.59418  *
70      (   0        2250000          8        )         20.8004  
71      (   0        1850000          9        )          1.0161   *
72      (   0        2450000         12        )          2.681   
73      (   0.0002   2450000          2        )         57.5983  
74      (   0        1950000          9        )          2.48841 
75      (   0        1750000          9        )          0.367906 *
76      (   0        1450000          9        )          5.00319 
77      (   0        1550000          8        )          1.10537 
78      (   0        2050000          9        )          4.62646 
79      (   0.00001  1550000          8        )          1.87428 
80      (   0.00001  1650000          8        )          1.79653 

BBE ( SOL ) OBJ
81      (   0.0001   1250000          7        )         28.5042  
82      (   0.00001  1750000         19        )        148.873   
83      (   0        1750000          0        )        130.805   
84      (   0        750000          9        )  93.8057  
85      (   0        2250000         11        )          1.47258 
86      (   0.00005  2750000          9        )         13.514   
87      (   0.0001   2750000         14        )         21.3105  
88      (   0.00001  2050000          4        )         66.3438  
89      (   0        2250000         12        )          2.94615 
90      (   0        1450000         14        )         73.0916  
91      (   0.00005  1950000         11        )          9.59152 
92      (   0.00003  1250000          6        )          9.30577 
93      (   0        1550000          7        )          4.0583  
94      (   0.00004  2050000         10        )          2.22305 
95      (   0        1650000         11        )         10.8999  
96      (   0        1950000         10        )          0.371419
97      (   0        1850000          7        )         13.7908  
98      (   0.00002  1750000          9        )          1.55396 
99      (   0.00001  1950000         10        )          0.270954 *
100     (   0.00004  2550000         13        )          5.49158 
101     (   0.00001  2050000         10        )          0.300531
102     (   0.00001  1850000          9        )          0.759854
103     (   0.00001  1850000         12        )         13.0079  
104     (   0.00002  2150000         11        )          0.90994 
105     (   0.00001  2050000          8        )          9.78037 
106     (   0        2050000         10        )          0.964222
107     (   0.00003  1850000         10        )          3.41791 
108     (   0.00003  2150000         10        )          0.899484
109     (   0.00002  1850000         11        )          6.61588 
110     (   0.00002  1950000          9        )          1.5158  
111     (   0.00002  2050000         11        )          2.07988 
112     (   0        1950000         11        )          2.29423 
113     (   0.000014 2050000         10.16     )          0.215271 *
114     (   0.000024 2350000         10.16     )          1.68371 
115     (   0.000004 1850000          9.16     )          0.530493
116     (   0.000024 2250000         11.16     )          0.721471
117     (   0.000014 2150000         11.16     )          0.989913
118     (   0.000024 2050000         10.16     )          0.673145
119     (   0.000014 1950000         11.16     )          4.02077 
120     (   0.000004 2050000         10.16     )          0.421476

BBE ( SOL ) OBJ
121     (   0.000014 2150000          9.16     )          3.78049 
122     (   0.000014 1950000          9.16     )          1.06612 
123     (   0.000026 2350000         10.64     )          0.557194
124     (   0.000012 2150000         10.52     )          0.241161
125     (   0.000014 2050000         10.45     )          0.373555
126     (   0.000011 2050000         10.11     )          0.21396  *
127     (   0.000015 2217000         10.53     )          0.343677
128     (   0.000011 2017000         10.13     )          0.199312 *
129     (   0.000012 1928000          9.75     )          0.310917
130     (   0.000012 2095000         10.33     )          0.203228
131     (   0.000009 2058000         10.22     )          0.221453
132     (   0.000013 2052000         10.18     )          0.204849
133     (   0.000013 2059000         10.32     )          0.221341
134     (   0.000012 2052000         10.16     )          0.194884 *
135     (   0.00001  2057000         10.23     )          0.198649
136     (   0.00001  1989000         10.02     )          0.201534
137     (   0.00001  2016000         10.1      )          0.193179 *
138     (   0.00001  2066000         10.2      )          0.214335
139     (   0.000011 2029000         10.15     )          0.193165 *
140     (   0.000012 2008000         10.04     )          0.204999
141     (   0.000011 2045000         10.18     )          0.194866
142     (   0.00001  2008000         10.13     )          0.201549
143     (   0.000011 2041000         10.15     )          0.196195
144     (   0.000012 2029000         10.3      )          0.266735
145     (   0.000012 2029000         10.26     )          0.239746
146     (   0.00001  2029000         10.13     )          0.195912
147     (   0.000011 2029000         10.15     )          0.19524 
148     (   0.000016 2129000         10.53     )          0.234511
149     (   0.000007 2029000         10.65     )          0.620579
150     (   0.000008 2129000          9.9      )          1.18376 
151     (   0.000014 1929000         10.4      )          1.32148 
152     (   0.000015 2029000          9.65     )          0.58605 
153     (   0.000006 1929000          9.77     )          0.210742
154     (   0.000012 2068000         10.3      )          0.197096
155     (   0.000011 2037000         10.17     )          0.194119
156     (   0.000011 2010000         10.1      )          0.200099
157     (   0.000011 2036000         10.16     )          0.193205
158     (   0.000011 2017000         10.1      )          0.19635 
159     (   0.000011 2032000         10.15     )          0.193211
160     (   0.000013 2045000         10.27     )          0.227025

BBE ( SOL ) OBJ
161     (   0.000012 2066000          9.95     )          0.38496 
162     (   0.00001  2079000         10.25     )          0.237183
163     (   0.000009 2013000         10.03     )          0.2084  
164     (   0.00001  1992000         10.35     )          0.431257
165     (   0.000012 1979000         10.05     )          0.269764
166     (   0.000011 2037000         10.17     )          0.192649 *
167     (   0.000011 2061000         10.23     )          0.199474
168     (   0.000011 2040000         10.18     )          0.194468
169     (   0.000011 2019000         10.12     )          0.195221
170     (   0.000011 2050000          9.97     )          0.314008
171     (   0.000011 2087000         10.22     )          0.23503 
172     (   0.000011 2024000         10.37     )          0.316877
173     (   0.000012 2017000         10.16     )          0.217165
174     (   0.00001  2057000         10.18     )          0.215695
175     (   0.00001  1987000         10.12     )          0.238523
176     (   0.000012 2066000         10.28     )          0.19577 
177     (   0.000011 2019000         10.12     )          0.192247 *
178     (   0.000011 1965000          9.97     )          0.232223
179     (   0.000011 2040000         10.18     )          0.192864
180     (   0.000011 2035000         10.16     )          0.195961
181     (   0.000011 2031000         10.15     )          0.192527
182     (   0.000011 2018000         10.11     )          0.195314
183     (   0.000011 2035000         10.16     )          0.191966 *
184     (   0.000011 2035000         10.28     )          0.225875
185     (   0.000011 2035000         10.19     )          0.197771
186     (   0.000011 2035000         10.12     )          0.19895 
187     (   0.000011 2035000         10.66     )          0.704128
188     (   0.000011 1935000         10.21     )          0.628008
189     (   0.000012 2035000          9.91     )          0.302865
190     (   0.000011 2135000         10.11     )          0.577709
191     (   0.00001  2035000          9.66     )          0.698314
192     (   0.00001  2035000         10.41     )          0.303102
193     (   0.000011 2083000         10.28     )          0.205011
194     (   0.000011 2052000         10.22     )          0.190883 *
195     (   0.000012 2152000         10.4      )          0.288167
196     (   0.000011 2052000         10.23     )          0.193132
197     (   0.000011 2052000         10.18     )          0.19606 
198     (   0.000011 2052000         10.16     )          0.20151 
199     (   0.000012 2152000         10.64     )          0.251729
200     (   0.00001  2052000         10.72     )          0.660797

BBE ( SOL ) OBJ
201     (   0.000011 1952000          9.8      )          0.236154
202     (   0.00001  2152000          9.96     )          1.08511 
203     (   0.000012 1952000         10.48     )          1.1231  
204     (   0.000012 2052000          9.72     )          0.6481  
205     (   0.000012 2103000         10.4      )          0.201938
206     (   0.000012 2065000         10.24     )          0.193911
207     (   0.000011 2040000         10.18     )          0.192503
208     (   0.000011 2038000         10.18     )          0.194596
209     (   0.000011 2076000         10.42     )          0.222353
210     (   0.000011 2002000         10.32     )          0.365977
211     (   0.000011 2028000         10.02     )          0.219008
212     (   0.000011 2062000         10.25     )          0.196482
213     (   0.000012 2042000         10.19     )          0.19792 
214     (   0.000011 2102000         10.12     )          0.363816
215     (   0.000012 2046000         10.19     )          0.194896
216     (   0.000011 2038000         10.17     )          0.191565
217     (   0.000011 2064000         10.25     )          0.19436 
218     (   0.000011 2030000         10.15     )          0.196858
219     (   0.000011 2032000         10.24     )          0.215088
220     (   0.000011 2041000         10.12     )          0.201464
221     (   0.000011 2057000         10.12     )          0.220079
222     (   0.000011 2047000         10.32     )          0.221787
223     (   0.000011 2063000         10.32     )          0.203979
224     (   0.000011 2072000         10.2      )          0.216179
225     (   0.000011 2050000         10.2115   )          0.192505
226     (   0.000011 2064000         10.2467   )          0.195607
227     (   0.000011 2030000         10.1517   )          0.192985
228     (   0.000011 2046000         10.2343   )          0.194453
229     (   0.000011 2059000         10.27     )          0.193582
230     (   0.000011 2062000         10.1806   )          0.202701
231     (   0.000011 2045000         10.17     )          0.191905
232     (   0.000011 2042000         10.2594   )          0.20294 
233     (   0.000011 2058000         10.2057   )          0.194789
234     (   0.000011 2057320         10.2385   )          0.193228
235     (   0.000011 2055000         10.2133   )          0.195737
236     (   0.000011 2040000         10.1733   )          0.193421
237     (   0.000011 2052060         10.2      )          0.19347 
238     (   0.000011 2052540         10.2242   )          0.19299 
239     (   0.000011 2051460         10.2158   )          0.192784
240     (   0.000011 2047000         10.2202   )          0.193485

BBE ( SOL ) OBJ
241     (   0.000011 2051940         10.24     )          0.193896
242     (   0.000011 2057000         10.2198   )          0.193895
243     (   0.000011 2052060.0       10.2165   )          0.19295 
244     (   0.000011 2046540         10.1852   )          0.193863
245     (   0.000011 2050230         10.2082   )          0.193982
246     (   0.000011 2050000         10.2208   )          0.191476
247     (   0.000011 2052390         10.23     )          0.191634
248     (   0.000011 2054000         10.2192   )          0.191704
249     (   0.000011 2051610         10.21     )          0.191513
Reached stop criterion: Max number of blackbox evaluations (Eval Global) 250
250     (   0.000011 2052660         10.2162   )          0.191508
251     (   0.000011 2051340         10.2238   )          0.191484
A termination criterion is reached: Max number of blackbox evaluations (Eval Global) No more points to evaluate 251

Best feasible solution:     #17912 ( 1.11685e-05 2.052e+06 10.22 )      Evaluation OK    f =   0.19088299999999999712    h =   0                     

Best infeasible solution:   Undefined.

Blackbox evaluations:        251
Total model evaluations:     20593
Cache hits:                  31
Total number of evaluations: 282

real    249m54.485s
user    1818m52.352s
sys     2m29.419s

